residue_number,residue_name,atom_number,atom_name,chain_id,x_coord,y_coord,z_coord
94,VAL,1349,N,A,9.279,-10.967,8.129
94,VAL,1350,CA,A,9.217,-9.604,8.608
94,VAL,1351,C,A,9.624,-8.697,7.449
94,VAL,1357,HA,A,8.213,-9.377,8.946
95,ALA,1365,N,A,8.722,-7.848,6.95
95,ALA,1366,CA,A,9.074,-6.801,5.999
95,ALA,1367,C,A,9.127,-5.474,6.729
95,ALA,1370,H,A,7.821,-7.787,7.412
95,ALA,1371,HA,A,10.055,-6.977,5.568
96,ASP,1375,N,A,10.289,-4.825,6.67
96,ASP,1376,CA,A,10.473,-3.45,7.118
96,ASP,1377,C,A,10.194,-2.509,5.948
96,ASP,1383,H,A,11.012,-5.244,6.099
96,ASP,1384,HA,A,9.782,-3.229,7.934
97,VAL,1387,N,A,9.625,-1.338,6.23
97,VAL,1388,CA,A,9.424,-0.263,5.302
97,VAL,1389,C,A,9.923,0.993,6.006
97,VAL,1394,H,A,9.351,-1.09,7.171
97,VAL,1395,HA,A,9.995,-0.42,4.385
98,SER,1403,N,A,10.593,1.877,5.263
98,SER,1404,CA,A,11.064,3.175,5.727
98,SER,1405,C,A,11.468,4.006,4.507
98,SER,1409,H,A,10.758,1.644,4.294
98,SER,1410,HA,A,10.263,3.678,6.265
99,ILE,1414,N,A,10.572,4.853,3.993
99,ILE,1415,CA,A,10.824,5.69,2.823
99,ILE,1416,C,A,9.934,6.931,2.895
99,ILE,1422,H,A,9.674,4.974,4.451
99,ILE,1423,HA,A,11.856,6.038,2.889
100,GLU,1433,N,A,10.016,7.815,1.901
100,GLU,1434,CA,A,9.285,9.066,1.854
100,GLU,1435,C,A,8.803,9.284,0.426
100,GLU,1442,H,A,10.59,7.623,1.095
100,GLU,1443,HA,A,8.376,8.974,2.436
101,ASP,1448,N,A,7.488,9.475,0.282
101,ASP,1449,CA,A,6.787,9.549,-0.99
101,ASP,1450,C,A,6.314,10.991,-1.179
101,ASP,1456,H,A,6.924,9.602,1.117
101,ASP,1457,HA,A,7.473,9.265,-1.79
102,SER,1460,N,A,6.176,11.44,-2.422
102,SER,1461,CA,A,5.712,12.767,-2.797
102,SER,1462,C,A,4.342,12.72,-3.483
102,SER,1466,H,A,6.191,10.719,-3.144
102,SER,1467,HA,A,5.601,13.401,-1.916
103,VAL,1471,N,A,3.715,11.543,-3.592
103,VAL,1472,CA,A,2.53,11.358,-4.422
103,VAL,1473,C,A,1.229,11.488,-3.61
103,VAL,1478,H,A,4.204,10.692,-3.302
103,VAL,1479,HA,A,2.498,12.123,-5.196
104,ILE,1487,N,A,1.294,11.519,-2.272
104,ILE,1488,CA,A,0.122,11.664,-1.406
104,ILE,1489,C,A,0.398,12.646,-0.26
104,ILE,1495,H,A,2.201,11.528,-1.83
104,ILE,1496,HA,A,-0.688,12.11,-1.984
105,SER,1506,N,A,-0.643,13.016,0.498
105,SER,1507,CA,A,-0.553,13.923,1.638
105,SER,1508,C,A,-1.696,13.629,2.617
105,SER,1512,H,A,-1.564,12.667,0.274
105,SER,1513,HA,A,0.397,13.772,2.149
106,LEU,1517,N,A,-1.367,13.328,3.878
106,LEU,1518,CA,A,-2.349,13.115,4.941
106,LEU,1519,C,A,-2.649,14.421,5.676
106,LEU,1525,H,A,-0.393,13.383,4.141
106,LEU,1526,HA,A,-3.294,12.801,4.502
107,SER,1536,N,A,-1.75,15.403,5.585
107,SER,1537,CA,A,-2.029,16.771,5.976
107,SER,1538,C,A,-2.365,17.528,4.689
107,SER,1542,H,A,-0.923,15.272,5.014
107,SER,1543,HA,A,-2.888,16.814,6.648
