residue_number,residue_name,atom_number,atom_name,chain_id,x_coord,y_coord,z_coord
290,LEU,4481,N,A,-18.742,9.844,1.083
290,LEU,4482,CA,A,-17.349,10.229,1.288
290,LEU,4483,C,A,-17.238,11.671,1.778
290,LEU,4490,HA,A,-16.933,9.575,2.039
291,GLU,4500,N,A,-18.273,12.467,1.519
291,GLU,4501,CA,A,-18.288,13.868,1.935
291,GLU,4502,C,A,-17.901,14.016,3.406
291,GLU,4509,H,A,-19.046,12.106,1.035
291,GLU,4510,HA,A,-17.566,14.399,1.332
292,ALA,4515,N,A,-18.195,12.99,4.197
292,ALA,4516,CA,A,-17.884,13.01,5.621
292,ALA,4517,C,A,-16.402,12.755,5.876
292,ALA,4520,H,A,-18.635,12.202,3.815
292,ALA,4521,HA,A,-18.14,13.988,6.003
293,VAL,4525,N,A,-15.891,11.654,5.331
293,VAL,4526,CA,A,-14.49,11.291,5.512
293,VAL,4527,C,A,-13.56,12.201,4.711
293,VAL,4532,H,A,-16.472,11.069,4.803
293,VAL,4533,HA,A,-14.255,11.394,6.562
294,ASN,4541,N,A,-13.902,12.436,3.449
294,ASN,4542,CA,A,-13.086,13.283,2.583
294,ASN,4543,C,A,-12.927,14.687,3.168
294,ASN,4549,H,A,-14.717,12.027,3.088
294,ASN,4550,HA,A,-12.109,12.83,2.512
295,LYS,4555,N,A,-13.84,15.067,4.058
295,LYS,4556,CA,A,-13.794,16.383,4.683
295,LYS,4557,C,A,-13.345,16.284,6.138
295,LYS,4564,H,A,-14.561,14.449,4.3
295,LYS,4565,HA,A,-13.079,16.982,4.139
296,ASP,4577,N,A,-14.052,15.47,6.916
296,ASP,4578,CA,A,-13.726,15.287,8.325
296,ASP,4579,C,A,-12.303,14.766,8.494
296,ASP,4585,H,A,-14.811,14.982,6.533
296,ASP,4586,HA,A,-13.805,16.249,8.81
297,LYS,4589,N,A,-12.056,13.559,7.995
297,LYS,4590,CA,A,-10.736,12.948,8.091
297,LYS,4591,C,A,-10.238,12.505,6.718
297,LYS,4598,H,A,-12.78,13.068,7.551
297,LYS,4599,HA,A,-10.055,13.688,8.486
