residue_number,residue_name,atom_number,atom_name,chain_id,x_coord,y_coord,z_coord
2,SER,10,N,A,-7.383,13.274,-0.174
2,SER,11,CA,A,-6.366,14.32,-0.117
2,SER,12,C,A,-5.279,13.967,0.895
2,SER,17,HA,A,-5.917,14.396,-1.095
3,LEU,21,N,A,-5.58,14.162,2.175
3,LEU,22,CA,A,-4.628,13.864,3.238
3,LEU,23,C,A,-5.323,13.193,4.419
3,LEU,29,H,A,-6.464,14.514,2.41
3,LEU,30,HA,A,-3.888,13.186,2.84
4,LEU,40,N,A,-4.563,12.414,5.182
4,LEU,41,CA,A,-5.107,11.715,6.341
4,LEU,42,C,A,-6.228,10.766,5.927
4,LEU,48,H,A,-3.615,12.306,4.96
4,LEU,49,HA,A,-4.308,11.138,6.783
5,LYS,59,N,A,-6.139,10.251,4.705
5,LYS,60,CA,A,-7.144,9.33,4.187
5,LYS,61,C,A,-6.655,8.658,2.904
5,LYS,68,H,A,-5.378,10.496,4.137
5,LYS,69,HA,A,-7.317,8.574,4.936
