residue_number,residue_name,atom_number,atom_name,chain_id,x_coord,y_coord,z_coord
14,ASP,204,N,A,-1.838,4.77,-1.864
14,ASP,205,CA,A,-2.613,5.986,-2.266
14,ASP,206,C,A,-3.902,5.612,-3.003
14,ASP,213,HA,A,-2.844,6.581,-1.397
15,VAL,216,N,A,-3.858,4.607,-3.845
15,VAL,217,CA,A,-5.086,4.22,-4.614
15,VAL,218,C,A,-6.208,3.839,-3.639
15,VAL,223,H,A,-3.017,4.124,-3.986
15,VAL,224,HA,A,-5.401,5.029,-5.253
16,VAL,232,N,A,-5.89,3.098,-2.609
16,VAL,233,CA,A,-6.935,2.707,-1.611
16,VAL,234,C,A,-7.546,3.965,-0.977
16,VAL,239,H,A,-4.96,2.809,-2.487
16,VAL,240,HA,A,-7.702,2.115,-2.085
17,ARG,248,N,A,-6.714,4.867,-0.529
17,ARG,249,CA,A,-7.225,6.116,0.117
17,ARG,250,C,A,-8.101,6.91,-0.86
17,ARG,259,H,A,-5.746,4.718,-0.61
17,ARG,260,HA,A,-7.776,5.879,1.013
18,GLU,272,N,A,-7.683,7.009,-2.095
18,GLU,273,CA,A,-8.476,7.78,-3.107
18,GLU,274,C,A,-9.869,7.174,-3.299
18,GLU,281,H,A,-6.84,6.581,-2.356
18,GLU,282,HA,A,-8.552,8.815,-2.816
19,LEU,287,N,A,-9.935,5.882,-3.481
19,LEU,288,CA,A,-11.257,5.212,-3.706
19,LEU,289,C,A,-12.199,5.429,-2.52
19,LEU,295,H,A,-9.108,5.354,-3.491
19,LEU,296,HA,A,-11.707,5.566,-4.61
20,LYS,306,N,A,-11.691,5.327,-1.322
20,LYS,307,CA,A,-12.549,5.525,-0.12
20,LYS,308,C,A,-13.048,6.963,-0.115
20,LYS,315,H,A,-10.748,5.126,-1.216
20,LYS,316,HA,A,-13.38,4.845,-0.143
21,ALA,328,N,A,-12.186,7.877,-0.478
21,ALA,329,CA,A,-12.596,9.309,-0.561
21,ALA,330,C,A,-13.714,9.438,-1.601
21,ALA,333,H,A,-11.278,7.612,-0.733
21,ALA,334,HA,A,-12.922,9.672,0.401
22,LYS,338,N,A,-13.744,8.534,-2.557
22,LYS,339,CA,A,-14.806,8.578,-3.603
22,LYS,340,C,A,-16.081,7.863,-3.124
22,LYS,347,H,A,-13.066,7.816,-2.579
22,LYS,348,HA,A,-15.029,9.601,-3.862
23,LYS,360,N,A,-16.153,7.484,-1.858
23,LYS,361,CA,A,-17.374,6.783,-1.324
23,LYS,362,C,A,-17.643,5.491,-2.097
23,LYS,369,H,A,-15.402,7.656,-1.253
23,LYS,370,HA,A,-17.244,6.564,-0.275
24,ALA,382,N,A,-16.642,4.961,-2.741
24,ALA,383,CA,A,-16.822,3.695,-3.523
24,ALA,384,C,A,-17.339,2.57,-2.611
24,ALA,387,H,A,-15.77,5.4,-2.715
24,ALA,388,HA,A,-17.498,3.854,-4.347
