residue_number,residue_name,atom_number,atom_name,chain_id,x_coord,y_coord,z_coord
172,ASN,894,N,A,-3.335,-5.43,-8.118
172,ASN,895,CA,A,-2.161,-5.856,-8.937
172,ASN,896,C,A,-0.898,-5.941,-8.077
172,ASN,903,HA,A,-2.358,-6.809,-9.404
173,LYS,908,N,A,-1.039,-5.861,-6.778
173,LYS,909,CA,A,0.146,-5.942,-5.885
173,LYS,910,C,A,1.329,-5.189,-6.516
173,LYS,917,H,A,-1.926,-5.756,-6.388
173,LYS,918,HA,A,-0.091,-5.509,-4.925
174,GLU,930,N,A,1.379,-3.902,-6.311
174,GLU,931,CA,A,2.496,-3.094,-6.873
174,GLU,932,C,A,3.498,-2.829,-5.757
174,GLU,939,H,A,0.682,-3.467,-5.778
174,GLU,940,HA,A,2.963,-3.605,-7.7
175,TYR,945,N,A,4.445,-1.96,-5.957
175,TYR,946,CA,A,5.422,-1.692,-4.869
175,TYR,947,C,A,5.835,-0.221,-4.873
175,TYR,957,H,A,4.514,-1.486,-6.809
175,TYR,958,HA,A,4.996,-1.959,-3.918
176,LEU,966,N,A,5.727,0.433,-3.746
176,LEU,967,CA,A,6.103,1.873,-3.682
176,LEU,968,C,A,6.989,2.147,-2.466
176,LEU,974,H,A,5.392,-0.023,-2.946
176,LEU,975,HA,A,6.601,2.174,-4.589
177,TRP,985,N,A,7.872,3.097,-2.58
177,TRP,986,CA,A,8.763,3.44,-1.443
177,TRP,987,C,A,8.322,4.774,-0.834
177,TRP,999,H,A,7.943,3.594,-3.417
177,TRP,1000,HA,A,8.753,2.659,-0.701
178,THR,1009,N,A,7.512,4.733,0.188
178,THR,1010,CA,A,7.036,5.999,0.816
178,THR,1011,C,A,7.509,6.088,2.27
178,THR,1016,H,A,7.21,3.869,0.54
178,THR,1017,HA,A,7.38,6.851,0.25
