residue_number,residue_name,atom_number,atom_name,chain_id,x_coord,y_coord,z_coord
124,VAL,2018,N,A,23.863,10.387,14.615
124,VAL,2019,CA,A,24.758,10.501,13.427
124,VAL,2020,C,A,24.212,9.642,12.245
124,VAL,2026,HA,A,24.797,11.568,13.123
125,THR,2034,N,A,23.969,10.29,11.095
125,THR,2035,CA,A,23.37,9.626,9.902
125,THR,2036,C,A,24.459,9.269,8.838
125,THR,2041,H,A,24.326,11.251,11.077
125,THR,2042,HA,A,22.86,8.699,10.227
126,CYS,2048,N,A,24.582,7.975,8.502
126,CYS,2049,CA,A,25.238,7.516,7.251
126,CYS,2050,C,A,24.239,7.431,6.058
126,CYS,2054,H,A,23.969,7.338,9.04
126,CYS,2055,HA,A,26.074,8.192,6.993
127,LYS,2059,N,A,24.665,7.849,4.853
127,LYS,2060,CA,A,23.903,7.577,3.598
127,LYS,2061,C,A,24.685,6.529,2.739
127,LYS,2068,H,A,25.636,8.173,4.821
127,LYS,2069,HA,A,22.908,7.146,3.839
128,GLN,2080,N,A,24.009,5.435,2.355
128,GLN,2081,CA,A,24.566,4.395,1.446
128,GLN,2082,C,A,23.634,4.233,0.205
128,GLN,2089,H,A,23.059,5.342,2.747
128,GLN,2090,HA,A,25.574,4.691,1.09
129,VAL,2097,N,A,24.206,4.352,-1.007
129,VAL,2098,CA,A,23.438,4.205,-2.283
129,VAL,2099,C,A,23.867,2.863,-2.959
129,VAL,2104,H,A,25.233,4.417,-1.006
129,VAL,2105,HA,A,22.351,4.152,-2.062
130,PHE,2113,N,A,22.869,2.084,-3.389
130,PHE,2114,CA,A,23.054,0.768,-4.055
130,PHE,2115,C,A,22.391,0.746,-5.473
130,PHE,2124,H,A,21.927,2.385,-3.089
130,PHE,2125,HA,A,24.128,0.546,-4.176
131,LYS,2133,N,A,22.899,-0.089,-6.399
131,LYS,2134,CA,A,22.308,-0.281,-7.76
131,LYS,2135,C,A,21.901,-1.774,-8.007
131,LYS,2142,H,A,23.789,-0.539,-6.119
131,LYS,2143,HA,A,21.394,0.338,-7.859
132,LYS,2154,N,A,20.713,-2.019,-8.604
132,LYS,2155,CA,A,20.21,-3.395,-8.889
132,LYS,2156,C,A,20.966,-4.105,-10.058
132,LYS,2163,H,A,20.125,-1.192,-8.802
132,LYS,2164,HA,A,20.318,-3.987,-7.957
133,VAL,2175,N,A,21.586,-5.257,-9.768
133,VAL,2176,CA,A,22.257,-6.113,-10.801
133,VAL,2177,C,A,21.399,-7.355,-11.226
133,VAL,2182,H,A,21.527,-5.555,-8.782
133,VAL,2183,HA,A,22.338,-5.532,-11.742
134,HIS,2191,N,A,20.766,-8.087,-10.283
134,HIS,2192,CA,A,19.744,-9.115,-10.607
134,HIS,2193,C,A,18.353,-8.545,-10.236
134,HIS,2202,H,A,20.888,-7.708,-9.336
134,HIS,2203,HA,A,19.737,-9.333,-11.696
