residue_number,residue_name,atom_number,atom_name,chain_id,x_coord,y_coord,z_coord
78,THR,1211,N,A,-4.966,-20.603,-14.165
78,THR,1212,CA,A,-5.737,-19.599,-13.42
78,THR,1213,C,A,-6.762,-18.912,-14.327
78,THR,1219,HA,A,-6.283,-20.113,-12.63
79,LYS,1225,N,A,-8.053,-19.016,-13.99
79,LYS,1226,CA,A,-9.158,-18.367,-14.711
79,LYS,1227,C,A,-9.5,-16.939,-14.268
79,LYS,1234,H,A,-8.264,-19.496,-13.114
79,LYS,1235,HA,A,-8.784,-18.215,-15.725
80,MET,1247,N,A,-8.608,-16.267,-13.54
80,MET,1248,CA,A,-8.798,-14.895,-13.07
80,MET,1249,C,A,-8.89,-13.888,-14.235
80,MET,1255,H,A,-7.781,-16.772,-13.264
80,MET,1256,HA,A,-9.744,-14.856,-12.528
81,ILE,1264,N,A,-10.122,-13.578,-14.661
81,ILE,1265,CA,A,-10.448,-12.621,-15.73
81,ILE,1266,C,A,-10.23,-11.176,-15.236
81,ILE,1272,H,A,-10.876,-14.133,-14.276
81,ILE,1273,HA,A,-9.748,-12.795,-16.547
82,PHE,1283,N,A,-8.961,-10.807,-15.031
82,PHE,1284,CA,A,-8.543,-9.469,-14.591
82,PHE,1285,C,A,-7.046,-9.188,-14.82
82,PHE,1294,H,A,-8.28,-11.545,-15.161
82,PHE,1295,HA,A,-9.11,-8.729,-15.152
83,ALA,1303,N,A,-6.189,-10.197,-14.614
83,ALA,1304,CA,A,-4.727,-10.251,-14.782
83,ALA,1305,C,A,-3.811,-9.129,-14.225
83,ALA,1308,H,A,-6.606,-11.045,-14.263
83,ALA,1309,HA,A,-4.406,-11.144,-14.254
