residue_number,residue_name,atom_number,atom_name,chain_id,x_coord,y_coord,z_coord
1,MET,1,N,A,13.353,17.05,10.51
1,MET,2,CA,A,14.196,17.178,9.287
1,MET,3,C,A,14.943,15.866,9.045
1,MET,12,HA,A,13.566,17.397,8.437
2,LYS,20,N,A,14.249,14.762,9.088
2,LYS,21,CA,A,14.922,13.452,8.864
2,LYS,22,C,A,14.33,12.772,7.626
2,LYS,29,H,A,13.287,14.795,9.27
2,LYS,30,HA,A,15.979,13.612,8.715
3,LYS,42,N,A,15.022,11.807,7.081
3,LYS,43,CA,A,14.503,11.102,5.873
3,LYS,44,C,A,13.71,9.864,6.304
3,LYS,51,H,A,15.884,11.545,7.467
3,LYS,52,HA,A,13.86,11.767,5.316
4,LEU,64,N,A,12.448,9.811,5.973
4,LEU,65,CA,A,11.619,8.637,6.364
4,LEU,66,C,A,11.138,7.907,5.107
4,LEU,72,H,A,12.042,10.546,5.47
4,LEU,73,HA,A,12.206,7.965,6.973
5,GLN,83,N,A,11.342,6.619,5.035
5,GLN,84,CA,A,10.89,5.865,3.83
5,GLN,85,C,A,10.254,4.539,4.256
5,GLN,92,H,A,11.79,6.15,5.769
5,GLN,93,HA,A,10.161,6.454,3.293
6,ILE,100,N,A,9.005,4.344,3.93
6,ILE,101,CA,A,8.309,3.089,4.308
6,ILE,102,C,A,8.216,2.164,3.09
6,ILE,108,H,A,8.517,5.03,3.438
6,ILE,109,HA,A,8.848,2.596,5.103
7,ALA,119,N,A,7.634,1.006,3.252
7,ALA,120,CA,A,7.502,0.063,2.104
7,ALA,121,C,A,6.147,-0.641,2.196
7,ALA,124,H,A,7.278,0.756,4.128
7,ALA,125,HA,A,7.563,0.612,1.175
8,VAL,129,N,A,5.227,-0.311,1.331
8,VAL,130,CA,A,3.888,-0.964,1.394
8,VAL,131,C,A,3.67,-1.837,0.166
8,VAL,136,H,A,5.412,0.37,0.646
8,VAL,137,HA,A,3.821,-1.576,2.283
