residue_number,residue_name,atom_number,atom_name,chain_id,x_coord,y_coord,z_coord
79,ARG,1188,N,A,3.417,-11.658,-1.53
79,ARG,1189,CA,A,2.819,-11.035,-0.346
79,ARG,1190,C,A,3.362,-9.627,-0.168
79,ARG,1200,HA,A,1.747,-10.987,-0.474
80,HIS,1212,N,A,4.58,-9.412,-0.652
80,HIS,1213,CA,A,5.209,-8.104,-0.556
80,HIS,1214,C,A,4.476,-7.131,-1.467
80,HIS,1222,H,A,5.06,-10.147,-1.088
80,HIS,1223,HA,A,5.144,-7.753,0.464
81,LYS,1229,N,A,4.647,-5.84,-1.219
81,LYS,1230,CA,A,3.977,-4.833,-2.022
81,LYS,1231,C,A,4.814,-3.568,-2.057
81,LYS,1238,H,A,5.225,-5.557,-0.477
81,LYS,1239,HA,A,3.853,-5.201,-3.027
82,GLN,1251,N,A,4.914,-2.953,-3.229
82,GLN,1252,CA,A,5.675,-1.719,-3.363
82,GLN,1253,C,A,4.936,-0.779,-4.3
82,GLN,1260,H,A,4.455,-3.328,-4.018
82,GLN,1261,HA,A,5.748,-1.25,-2.392
83,ILE,1268,N,A,3.875,-0.172,-3.783
83,ILE,1269,CA,A,3.075,0.746,-4.577
83,ILE,1270,C,A,3.723,2.124,-4.586
83,ILE,1276,H,A,3.623,-0.35,-2.853
83,ILE,1277,HA,A,3.014,0.376,-5.589
84,LYS,1287,N,A,3.5,2.862,-5.663
84,LYS,1288,CA,A,4.06,4.202,-5.794
84,LYS,1289,C,A,2.94,5.207,-6.033
84,LYS,1296,H,A,2.944,2.497,-6.387
84,LYS,1297,HA,A,4.576,4.461,-4.882
85,ILE,1309,N,A,2.845,6.208,-5.159
85,ILE,1310,CA,A,1.804,7.227,-5.279
85,ILE,1311,C,A,2.358,8.496,-5.925
85,ILE,1317,H,A,3.48,6.256,-4.415
85,ILE,1318,HA,A,1.004,6.84,-5.896
86,ILE,1328,N,A,2.021,8.713,-7.192
86,ILE,1329,CA,A,2.479,9.906,-7.899
86,ILE,1330,C,A,1.502,11.053,-7.671
86,ILE,1336,H,A,1.444,8.07,-7.655
86,ILE,1337,HA,A,3.449,10.19,-7.519
87,ASN,1347,N,A,2.016,12.283,-7.684
87,ASN,1348,CA,A,1.173,13.458,-7.472
87,ASN,1349,C,A,0.201,13.207,-6.315
87,ASN,1355,H,A,2.977,12.402,-7.835
87,ASN,1356,HA,A,1.804,14.301,-7.225
