residue_number,residue_name,atom_number,atom_name,chain_id,x_coord,y_coord,z_coord
108,VAL,1718,N,A,12.785,4.111,-32.969
108,VAL,1719,CA,A,14.28,4.259,-32.93
108,VAL,1720,C,A,14.773,4.773,-31.543
108,VAL,1726,HA,A,14.726,3.257,-33.105
109,SER,1734,N,A,15.176,3.861,-30.646
109,SER,1735,CA,A,15.302,4.196,-29.209
109,SER,1736,C,A,16.507,5.114,-28.834
109,SER,1740,H,A,14.983,2.894,-30.934
109,SER,1741,HA,A,14.36,4.737,-28.997
110,LYS,1745,N,A,16.201,6.364,-28.45
110,LYS,1746,CA,A,17.184,7.468,-28.256
110,LYS,1747,C,A,18.184,7.742,-29.43
110,LYS,1754,H,A,15.204,6.532,-28.242
110,LYS,1755,HA,A,16.577,8.392,-28.276
111,TYR,1766,N,A,17.698,7.65,-30.684
111,TYR,1767,CA,A,18.517,7.908,-31.887
111,TYR,1768,C,A,17.556,8.26,-33.033
111,TYR,1778,H,A,16.776,7.194,-30.718
111,TYR,1779,HA,A,19.128,8.808,-31.7
