residue_number,residue_name,atom_number,atom_name,chain_id,x_coord,y_coord,z_coord
81,LYS,1245,N,A,-16.828,-4.526,-8.869
81,LYS,1246,CA,A,-18.212,-3.971,-8.992
81,LYS,1247,C,A,-18.257,-2.789,-9.975
81,LYS,1255,HA,A,-18.86,-4.752,-9.362
82,TYR,1267,N,A,-17.189,-2.031,-9.983
82,TYR,1268,CA,A,-17.082,-0.845,-10.885
82,TYR,1269,C,A,-16.746,-1.311,-12.31
82,TYR,1279,H,A,-16.444,-2.246,-9.385
82,TYR,1280,HA,A,-18.029,-0.323,-10.896
83,LEU,1288,N,A,-15.991,-2.378,-12.378
83,LEU,1289,CA,A,-15.574,-2.959,-13.689
83,LEU,1290,C,A,-16.729,-3.768,-14.302
83,LEU,1296,H,A,-15.695,-2.808,-11.549
83,LEU,1297,HA,A,-15.319,-2.149,-14.356
84,LYS,1307,N,A,-16.715,-3.842,-15.608
84,LYS,1308,CA,A,-17.763,-4.59,-16.367
84,LYS,1309,C,A,-17.019,-5.432,-17.423
84,LYS,1317,H,A,-15.999,-3.394,-16.105
84,LYS,1318,HA,A,-18.304,-5.243,-15.696
