residue_number,residue_name,atom_number,atom_name,chain_id,x_coord,y_coord,z_coord
133,ASP,1959,N,A,11.576,-1.44,-19.115
133,ASP,1960,CA,A,11.799,-1.689,-20.537
133,ASP,1961,C,A,11.184,-3.01,-20.995
133,ASP,1968,HA,A,11.339,-0.884,-21.089
134,ALA,1971,N,A,10.232,-3.536,-20.23
134,ALA,1972,CA,A,9.587,-4.797,-20.584
134,ALA,1973,C,A,8.788,-4.671,-21.878
134,ALA,1976,H,A,9.955,-3.078,-19.409
134,ALA,1977,HA,A,10.36,-5.539,-20.721
135,LYS,1981,N,A,8.758,-5.752,-22.653
135,LYS,1982,CA,A,8.026,-5.776,-23.91
135,LYS,1983,C,A,6.895,-6.796,-23.841
135,LYS,1990,H,A,9.234,-6.556,-22.369
135,LYS,1991,HA,A,7.601,-4.795,-24.065
136,ASP,2003,N,A,5.84,-6.551,-24.605
136,ASP,2004,CA,A,4.696,-7.452,-24.636
136,ASP,2005,C,A,4.789,-8.38,-25.841
136,ASP,2011,H,A,5.834,-5.749,-25.168
136,ASP,2012,HA,A,4.714,-8.046,-23.734
137,HIS,2015,N,A,3.694,-9.064,-26.157
137,HIS,2016,CA,A,3.671,-9.973,-27.298
137,HIS,2017,C,A,4.188,-9.269,-28.553
137,HIS,2025,H,A,2.885,-8.951,-25.618
137,HIS,2026,HA,A,4.317,-10.808,-27.073
138,TYR,2033,N,A,3.661,-8.074,-28.8
138,TYR,2034,CA,A,4.063,-7.279,-29.958
138,TYR,2035,C,A,5.348,-6.495,-29.677
138,TYR,2045,H,A,2.985,-7.729,-28.18
138,TYR,2046,HA,A,4.246,-7.96,-30.776
139,GLU,2054,N,A,5.909,-6.68,-28.482
139,GLU,2055,CA,A,7.139,-5.996,-28.088
139,GLU,2056,C,A,6.931,-4.488,-27.993
139,GLU,2063,H,A,5.487,-7.291,-27.849
139,GLU,2064,HA,A,7.42,-6.364,-27.108
140,ALA,2069,N,A,5.71,-4.08,-27.663
140,ALA,2070,CA,A,5.391,-2.664,-27.521
140,ALA,2071,C,A,5.761,-2.188,-26.122
140,ALA,2074,H,A,5.011,-4.746,-27.497
140,ALA,2075,HA,A,5.971,-2.113,-28.247
141,THR,2079,N,A,6.1,-0.909,-25.988
141,THR,2080,CA,A,6.485,-0.376,-24.686
141,THR,2081,C,A,5.605,0.799,-24.258
141,THR,2086,H,A,6.103,-0.322,-26.773
141,THR,2087,HA,A,6.363,-1.169,-23.97
142,ALA,2093,N,A,5.614,1.063,-22.955
142,ALA,2094,CA,A,4.834,2.158,-22.381
142,ALA,2095,C,A,5.244,3.483,-23.026
142,ALA,2098,H,A,6.169,0.49,-22.386
142,ALA,2099,HA,A,3.79,1.972,-22.59
143,MET,2103,N,A,6.527,3.578,-23.355
143,MET,2104,CA,A,7.063,4.791,-23.966
143,MET,2105,C,A,6.34,5.065,-25.286
143,MET,2111,H,A,7.092,2.81,-23.128
143,MET,2112,HA,A,6.887,5.614,-23.289
144,HIS,2120,N,A,6.177,4.022,-26.09
144,HIS,2121,CA,A,5.515,4.151,-27.387
144,HIS,2122,C,A,4.104,4.711,-27.238
144,HIS,2130,H,A,6.567,3.164,-25.824
144,HIS,2131,HA,A,6.099,4.825,-27.995
145,ARG,2137,N,A,3.307,4.084,-26.381
145,ARG,2138,CA,A,1.933,4.519,-26.168
145,ARG,2139,C,A,1.871,5.952,-25.646
145,ARG,2148,H,A,3.646,3.307,-25.89
145,ARG,2149,HA,A,1.429,4.482,-27.122
146,ALA,2161,N,A,2.792,6.313,-24.756
146,ALA,2162,CA,A,2.82,7.668,-24.216
146,ALA,2163,C,A,3.283,8.657,-25.28
146,ALA,2166,H,A,3.478,5.671,-24.476
146,ALA,2167,HA,A,1.817,7.926,-23.907
147,ALA,2171,N,A,4.363,8.3,-25.969
147,ALA,2172,CA,A,4.925,9.15,-27.012
147,ALA,2173,C,A,3.891,9.446,-28.092
147,ALA,2176,H,A,4.806,7.456,-25.746
147,ALA,2177,HA,A,5.23,10.08,-26.555
148,ALA,2181,N,A,3.014,8.482,-28.342
148,ALA,2182,CA,A,1.969,8.644,-29.344
148,ALA,2183,C,A,0.829,9.503,-28.804
148,ALA,2186,H,A,3.065,7.644,-27.836
148,ALA,2187,HA,A,2.404,9.138,-30.201
149,LYS,2191,N,A,0.677,9.513,-27.482
149,LYS,2192,CA,A,-0.372,10.293,-26.836
149,LYS,2193,C,A,-0.141,10.367,-25.329
149,LYS,2200,H,A,1.286,8.983,-26.928
149,LYS,2201,HA,A,-0.339,11.293,-27.243
