residue_number,residue_name,atom_number,atom_name,chain_id,x_coord,y_coord,z_coord
9,ILE,128,N,A,-8.935,2.369,3.205
9,ILE,129,CA,A,-8.043,1.329,3.702
9,ILE,130,C,A,-6.59,1.825,3.696
9,ILE,137,HA,A,-8.279,1.108,4.744
10,PHE,147,N,A,-6.144,2.44,2.599
10,PHE,148,CA,A,-4.811,3.03,2.499
10,PHE,149,C,A,-4.642,4.009,3.665
10,PHE,158,H,A,-6.769,2.511,1.806
10,PHE,159,HA,A,-4.047,2.255,2.566
11,GLU,167,N,A,-5.592,4.943,3.788
11,GLU,168,CA,A,-5.603,5.961,4.823
11,GLU,169,C,A,-5.556,5.321,6.211
11,GLU,176,H,A,-6.353,4.942,3.12
11,GLU,177,HA,A,-4.719,6.579,4.678
12,LYS,182,N,A,-6.336,4.254,6.414
12,LYS,183,CA,A,-6.422,3.526,7.669
12,LYS,184,C,A,-5.024,3.222,8.188
12,LYS,191,H,A,-6.908,3.94,5.641
12,LYS,192,HA,A,-6.925,4.186,8.378
13,TYR,204,N,A,-4.145,2.647,7.357
13,TYR,205,CA,A,-2.798,2.381,7.826
13,TYR,206,C,A,-1.953,3.646,7.743
13,TYR,216,H,A,-4.394,2.404,6.401
13,TYR,217,HA,A,-2.84,2.109,8.881
14,ALA,225,N,A,-2.027,4.452,6.671
14,ALA,226,CA,A,-1.227,5.673,6.598
14,ALA,227,C,A,-1.345,6.537,7.864
14,ALA,230,H,A,-2.637,4.26,5.869
14,ALA,231,HA,A,-0.186,5.391,6.473
15,ALA,235,N,A,-2.533,6.564,8.47
15,ALA,236,CA,A,-2.811,7.331,9.673
15,ALA,237,C,A,-1.96,6.935,10.887
15,ALA,240,H,A,-3.288,6.024,8.063
15,ALA,241,HA,A,-2.603,8.381,9.464
16,LYS,245,N,A,-1.312,5.764,10.899
16,LYS,246,CA,A,-0.53,5.339,12.054
16,LYS,247,C,A,0.697,6.234,12.27
16,LYS,254,H,A,-1.351,5.144,10.097
16,LYS,255,HA,A,-1.153,5.47,12.938
17,GLU,267,N,A,1.581,6.339,11.274
17,GLU,268,CA,A,2.8,7.128,11.348
17,GLU,269,C,A,3.103,7.768,9.995
17,GLU,276,H,A,1.413,5.839,10.405
17,GLU,277,HA,A,2.687,7.917,12.093
