residue_number,residue_name,atom_number,atom_name,chain_id,x_coord,y_coord,z_coord
5,LEU,1,N,A,-12.579,29.219,-24.187
5,LEU,2,CA,A,-11.585,28.175,-23.983
5,LEU,3,C,A,-10.567,28.656,-22.972
5,LEU,12,HA,A,-12.081,27.303,-23.585
6,GLU,22,N,A,-10.346,27.877,-21.949
6,GLU,23,CA,A,-9.398,28.203,-20.941
6,GLU,24,C,A,-8.3,27.158,-20.927
6,GLU,31,H,A,-10.823,27.029,-21.857
6,GLU,32,HA,A,-8.976,29.153,-21.199
7,ALA,37,N,A,-7.113,27.58,-20.622
7,ALA,38,CA,A,-5.969,26.707,-20.65
7,ALA,39,C,A,-5.885,25.885,-19.374
7,ALA,42,H,A,-7.04,28.514,-20.32
7,ALA,43,HA,A,-6.09,26.036,-21.486
8,ASP,47,N,A,-5.579,24.624,-19.524
8,ASP,48,CA,A,-5.44,23.741,-18.384
8,ASP,49,C,A,-4.073,23.941,-17.75
8,ASP,55,H,A,-5.431,24.273,-20.428
8,ASP,56,HA,A,-6.198,24.016,-17.664
9,VAL,59,N,A,-3.97,23.644,-16.47
9,VAL,60,CA,A,-2.763,23.784,-15.726
9,VAL,61,C,A,-1.64,22.869,-16.222
9,VAL,66,H,A,-4.748,23.325,-15.977
9,VAL,67,HA,A,-2.528,24.813,-15.889
10,THR,75,N,A,-2.008,21.793,-16.94
10,THR,76,CA,A,-1.092,20.793,-17.477
10,THR,77,C,A,-0.336,20.064,-16.363
10,THR,82,H,A,-2.967,21.629,-17.099
10,THR,83,HA,A,-1.703,20.018,-17.915
11,MET,89,N,A,0.792,19.455,-16.669
11,MET,90,CA,A,1.531,18.715,-15.681
11,MET,91,C,A,2.239,19.645,-14.701
11,MET,97,H,A,1.179,19.491,-17.57
11,MET,98,HA,A,0.804,18.154,-15.115
12,THR,106,N,A,1.553,19.961,-13.624
12,THR,107,CA,A,2.081,20.772,-12.579
12,THR,108,C,A,2.245,19.974,-11.304
12,THR,113,H,A,0.632,19.641,-13.523
12,THR,114,HA,A,3.073,21.104,-12.849
