residue_number,residue_name,atom_number,atom_name,chain_id,x_coord,y_coord,z_coord
43,TRP,548,N,A,3.681,3.749,-8.27
43,TRP,549,CA,A,3.699,4.549,-7.051
43,TRP,550,C,A,2.282,4.834,-6.566
43,TRP,563,HA,A,4.22,3.985,-6.293
44,THR,572,N,A,1.993,4.437,-5.331
44,THR,573,CA,A,0.673,4.648,-4.749
44,THR,574,C,A,0.77,5.398,-3.425
44,THR,579,H,A,2.684,3.99,-4.8
44,THR,580,HA,A,0.093,5.238,-5.444
45,ARG,586,N,A,-0.143,6.34,-3.216
45,ARG,587,CA,A,-0.16,7.13,-1.99
45,ARG,588,C,A,-1.259,6.647,-1.048
45,ARG,597,H,A,-0.822,6.509,-3.902
45,ARG,598,HA,A,0.795,7.006,-1.503
46,VAL,610,N,A,-0.862,6.213,0.144
46,VAL,611,CA,A,-1.813,5.726,1.136
46,VAL,612,C,A,-1.687,6.5,2.444
46,VAL,617,H,A,0.094,6.221,0.361
46,VAL,618,HA,A,-2.809,5.865,0.741
47,ARG,626,N,A,-2.765,6.518,3.22
47,ARG,627,CA,A,-2.776,7.222,4.497
47,ARG,628,C,A,-2.769,6.237,5.662
47,ARG,637,H,A,-3.573,6.046,2.928
47,ARG,638,HA,A,-1.884,7.829,4.548
48,ARG,650,N,A,-2.247,6.68,6.801
48,ARG,651,CA,A,-2.179,5.836,7.989
48,ARG,652,C,A,-3.171,6.309,9.048
48,ARG,661,H,A,-1.898,7.594,6.844
48,ARG,662,HA,A,-2.436,4.83,7.696
49,LYS,674,N,A,-3.635,5.377,9.873
49,LYS,675,CA,A,-4.588,5.697,10.93
49,LYS,676,C,A,-4.1,6.878,11.763
49,LYS,683,H,A,-3.329,4.451,9.769
49,LYS,684,HA,A,-5.524,5.963,10.464
50,GLU,696,N,A,-2.798,6.91,12.03
50,GLU,697,CA,A,-2.207,7.987,12.816
50,GLU,698,C,A,-2.376,9.33,12.113
50,GLU,705,H,A,-2.222,6.194,11.691
50,GLU,706,HA,A,-2.719,8.024,13.766
