residue_number,residue_name,atom_number,atom_name,chain_id,x_coord,y_coord,z_coord
58,ALA,834,N,A,8.09,-6.334,-5.952
58,ALA,835,CA,A,7.828,-7.557,-5.212
58,ALA,836,C,A,7.622,-7.219,-3.734
58,ALA,840,HA,A,6.912,-7.995,-5.608
59,ASP,844,N,A,8.539,-6.42,-3.209
59,ASP,845,CA,A,8.469,-6.016,-1.815
59,ASP,846,C,A,7.095,-5.405,-1.534
59,ASP,852,H,A,9.317,-6.052,-3.718
59,ASP,853,HA,A,8.645,-6.927,-1.244
60,ALA,856,N,A,6.665,-4.548,-2.449
60,ALA,857,CA,A,5.376,-3.891,-2.312
60,ALA,858,C,A,4.278,-4.951,-2.193
60,ALA,861,H,A,7.179,-4.302,-3.27
60,ALA,862,HA,A,5.4,-3.301,-1.397
61,GLU,866,N,A,4.451,-6.023,-2.951
61,GLU,867,CA,A,3.487,-7.111,-2.94
61,GLU,868,C,A,3.644,-7.946,-1.668
61,GLU,875,H,A,5.23,-6.156,-3.564
61,GLU,876,HA,A,2.508,-6.63,-2.949
62,ARG,881,N,A,4.889,-8.081,-1.236
62,ARG,882,CA,A,5.188,-8.848,-0.039
62,ARG,883,C,A,4.384,-8.314,1.148
62,ARG,892,H,A,5.685,-7.677,-1.689
62,ARG,893,HA,A,4.895,-9.87,-0.283
63,VAL,905,N,A,4.024,-7.042,1.053
63,VAL,906,CA,A,3.256,-6.401,2.108
63,VAL,907,C,A,1.764,-6.622,1.852
63,VAL,912,H,A,4.247,-6.454,0.276
63,VAL,913,HA,A,3.526,-6.881,3.049
64,LEU,921,N,A,1.352,-6.306,0.633
64,LEU,922,CA,A,-0.04,-6.464,0.249
64,LEU,923,C,A,-0.495,-7.89,0.57
64,LEU,929,H,A,1.95,-5.95,-0.085
64,LEU,930,HA,A,-0.626,-5.771,0.853
65,ALA,940,N,A,0.414,-8.829,0.352
65,ALA,941,CA,A,0.12,-10.228,0.613
65,ALA,942,C,A,-0.706,-10.341,1.895
65,ALA,945,H,A,1.334,-8.648,0.005
65,ALA,946,HA,A,-0.468,-10.605,-0.224
66,GLN,950,N,A,-0.335,-9.53,2.874
66,GLN,951,CA,A,-1.03,-9.529,4.15
66,GLN,952,C,A,-2.276,-8.644,4.075
66,GLN,959,H,A,0.425,-8.882,2.806
66,GLN,960,HA,A,-1.322,-10.565,4.322
67,ALA,967,N,A,-3.42,-9.265,4.321
67,ALA,968,CA,A,-4.683,-8.549,4.284
67,ALA,969,C,A,-4.883,-7.807,5.608
67,ALA,972,H,A,-3.492,-10.238,4.541
67,ALA,973,HA,A,-4.629,-7.821,3.475
68,ASP,977,N,A,-3.866,-7.889,6.454
68,ASP,978,CA,A,-3.917,-7.233,7.75
68,ASP,979,C,A,-2.707,-6.309,7.896
68,ASP,985,H,A,-3.021,-8.39,6.267
68,ASP,986,HA,A,-4.861,-6.689,7.759
69,HIS,989,N,A,-2.961,-5.138,8.462
69,HIS,990,CA,A,-1.906,-4.16,8.666
69,HIS,991,C,A,-2.198,-3.345,9.927
69,HIS,999,H,A,-3.867,-4.855,8.778
69,HIS,1000,HA,A,-0.983,-4.721,8.812
70,GLU,1006,N,A,-1.228,-3.342,10.829
70,GLU,1007,CA,A,-1.367,-2.61,12.076
70,GLU,1008,C,A,-0.205,-1.63,12.249
70,GLU,1015,H,A,-0.36,-3.827,10.718
70,GLU,1016,HA,A,-2.304,-2.06,11.986
71,LEU,1021,N,A,-0.551,-0.414,12.644
71,LEU,1022,CA,A,0.449,0.62,12.85
71,LEU,1023,C,A,-0.064,1.621,13.886
71,LEU,1029,H,A,-1.494,-0.131,12.823
71,LEU,1030,HA,A,1.341,0.136,13.249
72,HIS,1040,N,A,0.55,1.578,15.059
72,HIS,1041,CA,A,0.167,2.472,16.138
72,HIS,1042,C,A,-1.32,2.292,16.45
72,HIS,1050,H,A,1.296,0.949,15.277
72,HIS,1051,HA,A,0.751,2.178,17.011
