residue_number,residue_name,atom_number,atom_name,chain_id,x_coord,y_coord,z_coord
46,LYS,677,N,A,9.309,5.133,-3.643
46,LYS,678,CA,A,8.856,3.857,-4.195
46,LYS,679,C,A,7.347,3.834,-4.284
46,LYS,687,HA,A,9.256,3.756,-5.192
47,TYR,699,N,A,6.72,4.579,-3.399
47,TYR,700,CA,A,5.273,4.641,-3.353
47,TYR,701,C,A,4.725,5.523,-4.467
47,TYR,711,H,A,7.249,5.096,-2.752
47,TYR,712,HA,A,4.901,3.637,-3.498
48,GLU,720,N,A,5.513,6.508,-4.878
48,GLU,721,CA,A,5.106,7.407,-5.946
48,GLU,722,C,A,5.486,6.83,-7.303
48,GLU,729,H,A,6.392,6.625,-4.461
48,GLU,730,HA,A,4.035,7.511,-5.9
49,GLU,735,N,A,6.605,6.116,-7.342
49,GLU,736,CA,A,7.081,5.503,-8.576
49,GLU,737,C,A,6.363,4.185,-8.829
49,GLU,744,H,A,7.119,5.992,-6.52
49,GLU,745,HA,A,6.866,6.18,-9.389
50,LEU,750,N,A,6.138,3.431,-7.762
50,LEU,751,CA,A,5.446,2.16,-7.857
50,LEU,752,C,A,3.965,2.41,-7.896
50,LEU,758,H,A,6.425,3.746,-6.881
50,LEU,759,HA,A,5.759,1.656,-8.759
