residue_number,residue_name,atom_number,atom_name,chain_id,x_coord,y_coord,z_coord
77,VAL,1076,N,A,13.174,-1.96,-12.547
77,VAL,1077,CA,A,13.35,-3.293,-11.985
77,VAL,1078,C,A,12.005,-3.965,-11.731
77,VAL,1084,HA,A,13.908,-3.885,-12.696
78,ASN,1092,N,A,11.698,-4.982,-12.529
78,ASN,1093,CA,A,10.441,-5.71,-12.391
78,ASN,1094,C,A,10.422,-6.521,-11.099
78,ASN,1100,H,A,12.331,-5.25,-13.228
78,ASN,1101,HA,A,9.641,-4.986,-12.36
79,ILE,1106,N,A,10.003,-5.883,-10.012
79,ILE,1107,CA,A,9.936,-6.546,-8.715
79,ILE,1108,C,A,8.604,-7.267,-8.536
79,ILE,1114,H,A,9.733,-4.944,-10.083
79,ILE,1115,HA,A,10.735,-7.272,-8.671
80,GLN,1125,N,A,7.879,-7.442,-9.636
80,GLN,1126,CA,A,6.587,-8.118,-9.599
80,GLN,1127,C,A,6.608,-9.279,-8.61
80,GLN,1134,H,A,8.22,-7.109,-10.491
80,GLN,1135,HA,A,5.847,-7.401,-9.277
