residue_number,residue_name,atom_number,atom_name,chain_id,x_coord,y_coord,z_coord
49,GLU,778,N,A,19.604,13.166,9.87
49,GLU,779,CA,A,20.226,14.318,10.515
49,GLU,780,C,A,20.607,15.382,9.489
49,GLU,788,HA,A,19.507,14.739,11.201
50,ALA,793,N,A,19.609,15.893,8.774
50,ALA,794,CA,A,19.843,16.917,7.762
50,ALA,795,C,A,18.529,17.49,7.241
50,ALA,798,H,A,18.695,15.575,8.931
50,ALA,799,HA,A,20.414,17.712,8.22
51,GLU,803,N,A,17.897,18.335,8.048
51,GLU,804,CA,A,16.634,18.956,7.666
51,GLU,805,C,A,16.503,20.346,8.287
51,GLU,812,H,A,18.29,18.549,8.92
51,GLU,813,HA,A,16.629,19.057,6.591
52,LYS,818,N,A,16.011,20.403,9.524
52,LYS,819,CA,A,15.842,21.674,10.225
52,LYS,820,C,A,15.082,21.478,11.535
52,LYS,827,H,A,15.758,19.573,9.978
52,LYS,828,HA,A,16.827,22.053,10.454
53,GLU,840,N,A,13.829,21.045,11.433
53,GLU,841,CA,A,12.998,20.819,12.61
53,GLU,842,C,A,11.978,19.714,12.349
53,GLU,849,H,A,13.454,20.872,10.545
53,GLU,850,HA,A,13.645,20.513,13.419
54,VAL,855,N,A,12.47,18.546,11.938
54,VAL,856,CA,A,11.61,17.399,11.649
54,VAL,857,C,A,10.375,17.813,10.848
54,VAL,862,H,A,13.439,18.453,11.825
54,VAL,863,HA,A,12.184,16.699,11.06
55,ASP,871,N,A,10.568,18.736,9.911
55,ASP,872,CA,A,9.473,19.22,9.076
55,ASP,873,C,A,9.112,18.208,7.989
55,ASP,879,H,A,11.468,19.1,9.778
55,ASP,880,HA,A,8.614,19.365,9.713
56,LEU,883,N,A,9.932,17.17,7.84
56,LEU,884,CA,A,9.69,16.141,6.834
56,LEU,885,C,A,8.291,15.547,6.983
56,LEU,891,H,A,10.718,17.093,8.42
56,LEU,892,HA,A,9.768,16.605,5.862
57,GLU,902,N,A,7.792,15.522,8.214
57,GLU,903,CA,A,6.465,14.982,8.489
57,GLU,904,C,A,5.384,15.849,7.853
57,GLU,911,H,A,8.327,15.875,8.956
57,GLU,912,HA,A,6.415,13.992,8.06
58,GLN,917,N,A,5.621,17.156,7.827
58,GLN,918,CA,A,4.67,18.095,7.245
58,GLN,919,C,A,4.971,18.332,5.767
58,GLN,926,H,A,6.458,17.497,8.206
58,GLN,927,HA,A,3.683,17.664,7.333
59,TYR,934,N,A,6.234,18.157,5.388
59,TYR,935,CA,A,6.654,18.351,4.003
59,TYR,936,C,A,5.823,17.487,3.056
59,TYR,946,H,A,6.9,17.89,6.055
59,TYR,947,HA,A,6.498,19.39,3.754
60,PHE,955,N,A,5.652,16.218,3.415
60,PHE,956,CA,A,4.879,15.286,2.598
60,PHE,957,C,A,3.506,15.86,2.26
60,PHE,966,H,A,6.055,15.899,4.248
60,PHE,967,HA,A,5.423,15.123,1.679
61,GLN,975,N,A,3.09,15.687,1.009
61,GLN,976,CA,A,1.797,16.188,0.557
61,GLN,977,C,A,0.793,15.049,0.412
61,GLN,984,H,A,3.668,15.212,0.374
61,GLN,985,HA,A,1.432,16.88,1.301
62,ASN,992,N,A,-0.417,15.267,0.914
62,ASN,993,CA,A,-1.469,14.258,0.84
62,ASN,994,C,A,-2.601,14.719,-0.077
62,ASN,1000,H,A,-0.609,16.126,1.345
62,ASN,1001,HA,A,-1.034,13.356,0.438
