residue_number,residue_name,atom_number,atom_name,chain_id,x_coord,y_coord,z_coord
51,SER,771,N,A,2.541,-16.003,2.13
51,SER,772,CA,A,3.611,-16.735,1.488
51,SER,773,C,A,4.962,-16.026,1.651
51,SER,778,HA,A,3.679,-17.724,1.943
52,LEU,782,N,A,4.977,-14.716,1.94
52,LEU,783,CA,A,6.171,-13.893,2.135
52,LEU,784,C,A,6.382,-13.502,3.608
52,LEU,790,H,A,4.095,-14.231,2.056
52,LEU,791,HA,A,7.048,-14.482,1.874
53,LYS,801,N,A,5.461,-13.84,4.524
53,LYS,802,CA,A,5.559,-13.493,5.946
53,LYS,803,C,A,6.695,-14.169,6.722
53,LYS,810,H,A,4.623,-14.324,4.233
53,LYS,811,HA,A,5.774,-12.427,5.988
54,ASN,823,N,A,7.451,-15.089,6.122
54,ASN,824,CA,A,8.551,-15.8,6.782
54,ASN,825,C,A,9.872,-15.565,6.036
54,ASN,831,H,A,7.307,-15.303,5.141
54,ASN,832,HA,A,8.684,-15.403,7.79
55,SER,837,N,A,9.903,-14.583,5.132
55,SER,838,CA,A,11.064,-14.215,4.337
55,SER,839,C,A,11.738,-12.977,4.942
55,SER,843,H,A,9.082,-14.009,5.002
55,SER,844,HA,A,11.787,-15.035,4.336
56,ASN,848,N,A,13.014,-12.779,4.625
56,ASN,849,CA,A,13.79,-11.643,5.12
56,ASN,850,C,A,13.347,-10.38,4.377
56,ASN,856,H,A,13.462,-13.425,3.986
56,ASN,857,HA,A,13.622,-11.549,6.195
