residue_number,residue_name,atom_number,atom_name,chain_id,x_coord,y_coord,z_coord
334,VAL,716,N,A,-8.192,-64.055,13.401
334,VAL,717,CA,A,-8.409,-65.349,14.071
334,VAL,718,C,A,-7.44,-66.391,13.518
334,VAL,724,HA,A,-8.182,-65.232,15.13
335,ILE,732,N,A,-6.463,-66.777,14.343
335,ILE,733,CA,A,-5.342,-67.647,13.984
335,ILE,734,C,A,-5.484,-69.026,14.642
335,ILE,740,H,A,-6.533,-66.477,15.314
335,ILE,741,HA,A,-5.392,-67.807,12.911
336,VAL,751,N,A,-4.789,-70.008,14.067
336,VAL,752,CA,A,-4.71,-71.4,14.518
336,VAL,753,C,A,-3.23,-71.768,14.523
336,VAL,758,H,A,-4.234,-69.772,13.257
336,VAL,759,HA,A,-5.118,-71.499,15.525
337,ALA,767,N,A,-2.658,-72.093,15.683
337,ALA,768,CA,A,-1.214,-72.176,15.89
337,ALA,769,C,A,-0.754,-73.499,16.528
337,ALA,772,H,A,-3.233,-72.071,16.524
337,ALA,773,HA,A,-0.698,-72.07,14.935
338,ASP,777,N,A,0.562,-73.748,16.457
338,ASP,778,CA,A,1.307,-74.734,17.259
338,ASP,779,C,A,1.767,-74.177,18.617
338,ASP,785,H,A,1.128,-73.11,15.917
338,ASP,786,HA,A,0.677,-75.602,17.462
339,ASP,789,N,A,1.614,-72.87,18.844
339,ASP,790,CA,A,2.024,-72.189,20.063
339,ASP,791,C,A,0.885,-71.323,20.616
339,ASP,797,H,A,1.252,-72.283,18.106
339,ASP,798,HA,A,2.28,-72.935,20.817
340,LEU,801,N,A,0.758,-71.29,21.947
340,LEU,802,CA,A,-0.35,-70.657,22.671
340,LEU,803,C,A,-0.506,-69.156,22.374
340,LEU,809,H,A,1.394,-71.859,22.486
340,LEU,810,HA,A,-1.28,-71.13,22.36
341,THR,820,N,A,0.565,-68.499,21.9
341,THR,821,CA,A,0.659,-67.059,21.632
341,THR,822,C,A,0.623,-66.699,20.134
341,THR,827,H,A,1.381,-69.061,21.697
341,THR,828,HA,A,-0.209,-66.577,22.08
342,ALA,834,N,A,0.393,-67.674,19.243
342,ALA,835,CA,A,0.381,-67.594,17.777
342,ALA,836,C,A,1.54,-66.811,17.129
342,ALA,839,H,A,0.346,-68.62,19.614
342,ALA,840,HA,A,0.508,-68.616,17.421
343,ALA,844,N,A,2.744,-67.38,17.203
343,ALA,845,CA,A,3.818,-67.146,16.239
343,ALA,846,C,A,3.667,-68.031,14.985
343,ALA,849,H,A,2.836,-68.183,17.836
343,ALA,850,HA,A,3.794,-66.104,15.914
344,ILE,854,N,A,3.22,-69.286,15.143
344,ILE,855,CA,A,2.964,-70.231,14.049
344,ILE,856,C,A,1.513,-70.086,13.539
344,ILE,862,H,A,3.024,-69.609,16.096
344,ILE,863,HA,A,3.633,-69.989,13.223
345,ASN,873,N,A,1.271,-70.474,12.282
345,ASN,874,CA,A,-0.017,-70.397,11.585
345,ASN,875,C,A,-0.287,-71.725,10.847
345,ASN,881,H,A,2.057,-70.834,11.76
345,ASN,882,HA,A,-0.817,-70.261,12.317
346,LYS,887,N,A,-1.007,-72.644,11.503
346,LYS,888,CA,A,-1.207,-74.046,11.116
346,LYS,889,C,A,-2.564,-74.343,10.455
346,LYS,896,H,A,-1.377,-72.353,12.406
346,LYS,897,HA,A,-0.445,-74.314,10.381
