residue_number,residue_name,atom_number,atom_name,chain_id,x_coord,y_coord,z_coord
14,ALA,38,N,A,3.725,-5.241,-0.917
14,ALA,39,CA,A,3.848,-5.161,-2.362
14,ALA,40,C,A,2.755,-4.243,-2.914
14,ALA,44,HA,A,4.823,-4.729,-2.589
15,GLN,48,N,A,2.894,-3.91,-4.188
15,GLN,49,CA,A,1.93,-3.044,-4.845
15,GLN,50,C,A,2.25,-1.576,-4.552
15,GLN,57,H,A,3.646,-4.221,-4.769
15,GLN,58,HA,A,2.042,-3.241,-5.911
16,TYR,65,N,A,3.249,-1.379,-3.704
16,TYR,66,CA,A,3.663,-0.037,-3.334
16,TYR,67,C,A,4.984,0.336,-4.01
16,TYR,77,H,A,3.771,-2.116,-3.275
16,TYR,78,HA,A,2.888,0.657,-3.662
17,GLN,86,N,A,5.604,-0.665,-4.616
17,GLN,87,CA,A,6.87,-0.457,-5.3
17,GLN,88,C,A,6.765,-0.906,-6.759
17,GLN,95,H,A,5.258,-1.602,-4.646
17,GLN,96,HA,A,7.05,0.617,-5.255
18,GLN,103,N,A,5.548,-0.841,-7.279
18,GLN,104,CA,A,5.3,-1.236,-8.655
18,GLN,105,C,A,4.567,-0.12,-9.403
18,GLN,112,H,A,4.742,-0.526,-6.778
18,GLN,113,HA,A,6.286,-1.391,-9.094
19,HIS,120,N,A,4.408,1.002,-8.718
19,HIS,121,CA,A,3.73,2.146,-9.304
19,HIS,122,C,A,4.726,3.291,-9.496
19,HIS,130,H,A,4.731,1.137,-7.782
19,HIS,131,HA,A,3.363,1.827,-10.28
