residue_number,residue_name,atom_number,atom_name,chain_id,x_coord,y_coord,z_coord
77,GLU,1071,N,A,-15.828,3.669,-0.094
77,GLU,1072,CA,A,-15.997,4.462,1.119
77,GLU,1073,C,A,-14.862,5.468,1.28
77,GLU,1081,HA,A,-16.922,4.997,1.035
78,LYS,1086,N,A,-15.206,6.671,1.73
78,LYS,1087,CA,A,-14.218,7.723,1.927
78,LYS,1088,C,A,-13.672,7.694,3.352
78,LYS,1095,H,A,-16.147,6.854,1.933
78,LYS,1096,HA,A,-13.406,7.552,1.238
79,VAL,1108,N,A,-12.364,7.487,3.479
79,VAL,1109,CA,A,-11.722,7.44,4.789
79,VAL,1110,C,A,-10.602,8.472,4.889
79,VAL,1115,H,A,-11.819,7.361,2.672
79,VAL,1116,HA,A,-12.472,7.665,5.533
80,LYS,1118,N,A,-10.39,8.998,6.094
80,LYS,1119,CA,A,-9.35,9.996,6.322
80,LYS,1120,C,A,-8.072,9.34,6.836
80,LYS,1127,H,A,-10.947,8.708,6.847
80,LYS,1128,HA,A,-9.138,10.476,5.378
81,ALA,1140,N,A,-6.939,9.723,6.255
81,ALA,1141,CA,A,-5.652,9.166,6.653
81,ALA,1142,C,A,-4.533,10.196,6.528
81,ALA,1145,H,A,-6.97,10.396,5.544
81,ALA,1146,HA,A,-5.729,8.858,7.686
82,VAL,1150,N,A,-3.599,10.163,7.473
82,VAL,1151,CA,A,-2.469,11.083,7.467
82,VAL,1152,C,A,-1.155,10.333,7.254
82,VAL,1157,H,A,-3.673,9.507,8.193
82,VAL,1158,HA,A,-2.609,11.774,6.649
83,VAL,1160,N,A,-0.466,10.662,6.165
83,VAL,1161,CA,A,0.802,10.024,5.84
83,VAL,1162,C,A,1.967,10.99,6.033
83,VAL,1167,H,A,-0.82,11.353,5.568
83,VAL,1168,HA,A,0.932,9.185,6.508
84,LYS,1170,N,A,2.916,10.601,6.877
84,LYS,1171,CA,A,4.082,11.433,7.154
84,LYS,1172,C,A,5.363,10.609,7.088
84,LYS,1179,H,A,2.831,9.734,7.326
84,LYS,1180,HA,A,4.125,12.209,6.404
85,MET,1192,N,A,6.465,11.262,6.735
85,MET,1193,CA,A,7.754,10.589,6.648
85,MET,1194,C,A,8.566,10.828,7.916
85,MET,1200,H,A,6.409,12.219,6.528
85,MET,1201,HA,A,7.567,9.531,6.548
86,GLU,1209,N,A,9.323,9.818,8.332
86,GLU,1210,CA,A,10.138,9.927,9.536
86,GLU,1211,C,A,11.583,10.262,9.184
86,GLU,1218,H,A,9.337,8.985,7.816
86,GLU,1219,HA,A,9.736,10.729,10.132
