residue_number,residue_name,atom_number,atom_name,chain_id,x_coord,y_coord,z_coord
40,LYS,615,N,A,3.061,-5.763,9.606
40,LYS,616,CA,A,4.433,-6.257,9.644
40,LYS,617,C,A,5.406,-5.238,9.058
40,LYS,625,HA,A,4.691,-6.424,10.679
41,ARG,637,N,A,5.089,-4.716,7.879
41,ARG,638,CA,A,6.025,-3.85,7.17
41,ARG,639,C,A,5.295,-2.826,6.307
41,ARG,648,H,A,4.269,-5.009,7.426
41,ARG,649,HA,A,6.618,-3.328,7.905
42,LYS,661,N,A,5.766,-1.581,6.358
42,LYS,662,CA,A,5.175,-0.497,5.582
42,LYS,663,C,A,5.276,-0.771,4.087
42,LYS,670,H,A,6.531,-1.384,6.946
42,LYS,671,HA,A,4.13,-0.431,5.852
43,VAL,683,N,A,4.177,-0.543,3.39
43,VAL,684,CA,A,4.109,-0.76,1.955
43,VAL,685,C,A,4.862,0.333,1.197
43,VAL,690,H,A,3.379,-0.21,3.859
43,VAL,691,HA,A,4.568,-1.714,1.74
44,ARG,699,N,A,5.66,-0.06,0.224
44,ARG,700,CA,A,6.391,0.907,-0.574
44,ARG,701,C,A,5.791,0.978,-1.969
44,ARG,710,H,A,5.748,-1.017,0.021
44,ARG,711,HA,A,6.296,1.873,-0.1
45,VAL,723,N,A,5.36,2.162,-2.369
45,VAL,724,CA,A,4.79,2.337,-3.692
45,VAL,725,C,A,5.894,2.498,-4.72
45,VAL,730,H,A,5.47,2.942,-1.78
45,VAL,731,HA,A,4.233,1.44,-3.927
46,CYS,739,N,A,5.669,1.951,-5.902
46,CYS,740,CA,A,6.667,1.991,-6.951
46,CYS,741,C,A,6.971,3.433,-7.322
46,CYS,745,H,A,4.832,1.471,-6.053
46,CYS,746,HA,A,7.568,1.535,-6.568
47,GLU,749,N,A,8.203,3.678,-7.738
47,GLU,750,CA,A,8.639,5.017,-8.113
47,GLU,751,C,A,7.729,5.62,-9.171
47,GLU,758,H,A,8.844,2.935,-7.786
47,GLU,759,HA,A,8.593,5.636,-7.228
48,ASN,764,N,A,7.218,4.777,-10.064
48,ASN,765,CA,A,6.269,5.211,-11.09
48,ASN,766,C,A,5.074,5.933,-10.471
48,ASN,772,H,A,7.457,3.825,-10.007
48,ASN,773,HA,A,6.786,5.897,-11.745
49,CYS,778,N,A,4.652,5.466,-9.303
49,CYS,779,CA,A,3.562,6.095,-8.57
49,CYS,780,C,A,4.061,7.27,-7.734
49,CYS,784,H,A,5.126,4.712,-8.894
49,CYS,785,HA,A,2.848,6.462,-9.292
50,SER,788,N,A,5.294,7.178,-7.244
50,SER,789,CA,A,5.844,8.216,-6.391
50,SER,790,C,A,6.036,9.495,-7.185
50,SER,794,H,A,5.859,6.423,-7.501
50,SER,795,HA,A,5.139,8.399,-5.594
51,PHE,799,N,A,6.662,9.372,-8.344
51,PHE,800,CA,A,6.833,10.513,-9.219
51,PHE,801,C,A,5.728,10.567,-10.273
51,PHE,810,H,A,6.974,8.481,-8.638
51,PHE,811,HA,A,6.752,11.4,-8.606
