residue_number,residue_name,atom_number,atom_name,chain_id,x_coord,y_coord,z_coord
11,GLN,153,N,A,-10.04,-22.86,-13.985
11,GLN,154,CA,A,-10.791,-23.142,-12.797
11,GLN,155,C,A,-12.263,-23.185,-13.151
11,GLN,163,HA,A,-10.482,-24.103,-12.412
12,ALA,170,N,A,-12.789,-24.387,-13.233
12,ALA,171,CA,A,-14.189,-24.597,-13.565
12,ALA,172,C,A,-15.063,-24.098,-12.435
12,ALA,175,H,A,-12.216,-25.152,-13.061
12,ALA,176,HA,A,-14.413,-24.037,-14.463
13,TYR,180,N,A,-15.527,-22.866,-12.55
13,TYR,181,CA,A,-16.343,-22.279,-11.51
13,TYR,182,C,A,-17.824,-22.555,-11.71
13,TYR,192,H,A,-15.294,-22.338,-13.339
13,TYR,193,HA,A,-16.042,-22.739,-10.581
14,VAL,201,N,A,-18.4,-23.247,-10.735
14,VAL,202,CA,A,-19.811,-23.559,-10.733
14,VAL,203,C,A,-20.574,-22.341,-10.252
14,VAL,208,H,A,-17.852,-23.526,-9.97
14,VAL,209,HA,A,-20.107,-23.772,-11.751
15,ARG,217,N,A,-21.815,-22.245,-10.689
15,ARG,218,CA,A,-22.666,-21.113,-10.352
15,ARG,219,C,A,-23.338,-21.246,-8.999
15,ARG,228,H,A,-22.159,-22.955,-11.276
15,ARG,229,HA,A,-22.04,-20.233,-10.331
16,LYS,241,N,A,-23.068,-20.269,-8.152
16,LYS,242,CA,A,-23.67,-20.175,-6.834
16,LYS,243,C,A,-24.184,-18.761,-6.683
16,LYS,250,H,A,-22.474,-19.544,-8.447
16,LYS,251,HA,A,-24.509,-20.844,-6.8
17,ASP,263,N,A,-24.886,-18.464,-5.597
17,ASP,264,CA,A,-25.408,-17.116,-5.417
17,ASP,265,C,A,-24.304,-16.106,-5.277
17,ASP,271,H,A,-25.056,-19.148,-4.915
17,ASP,272,HA,A,-25.935,-16.884,-6.334
