residue_number,residue_name,atom_number,atom_name,chain_id,x_coord,y_coord,z_coord
49,ASP,825,N,A,10.793,-2.596,5.138
49,ASP,826,CA,A,10.589,-1.878,3.88
49,ASP,827,C,A,9.117,-1.656,3.629
49,ASP,834,HA,A,11.098,-0.928,3.935
50,CYS,837,N,A,8.281,-2.241,4.461
50,CYS,838,CA,A,6.855,-2.189,4.253
50,CYS,839,C,A,6.169,-1.447,5.385
50,CYS,843,H,A,8.615,-2.685,5.269
50,CYS,844,HA,A,6.673,-1.659,3.329
51,TYR,848,N,A,5.117,-0.739,5.049
51,TYR,849,CA,A,4.356,0.044,5.999
51,TYR,850,C,A,2.871,-0.185,5.713
51,TYR,860,H,A,4.817,-0.741,4.115
51,TYR,861,HA,A,4.594,-0.285,6.998
52,LYS,869,N,A,2.008,0.095,6.682
52,LYS,870,CA,A,0.58,-0.123,6.514
52,LYS,871,C,A,-0.122,1.166,6.784
52,LYS,878,H,A,2.328,0.498,7.516
52,LYS,879,HA,A,0.378,-0.443,5.504
53,ILE,891,N,A,-0.963,1.542,5.905
53,ILE,892,CA,A,-1.816,2.651,6.114
53,ILE,893,C,A,-3.196,2.072,6.289
53,ILE,899,H,A,-1.041,1.049,5.061
53,ILE,900,HA,A,-1.509,3.174,7.009
54,LYS,910,N,A,-4.002,2.689,7.078
54,LYS,911,CA,A,-5.309,2.198,7.337
54,LYS,912,C,A,-6.278,3.343,7.464
54,LYS,919,H,A,-3.745,3.525,7.524
54,LYS,920,HA,A,-5.605,1.591,6.495
55,LEU,932,N,A,-7.496,3.066,7.163
55,LEU,933,CA,A,-8.549,4.022,7.196
55,LEU,934,C,A,-9.277,3.871,8.506
55,LEU,940,H,A,-7.721,2.147,6.907
55,LEU,941,HA,A,-8.128,5.014,7.126
56,ARG,951,N,A,-9.257,4.935,9.285
56,ARG,952,CA,A,-9.765,4.959,10.663
56,ARG,953,C,A,-11.213,4.499,10.736
56,ARG,962,H,A,-8.896,5.759,8.9
56,ARG,963,HA,A,-9.151,4.312,11.27
57,SER,975,N,A,-12.031,5.059,9.891
57,SER,976,CA,A,-13.433,4.775,9.91
57,SER,977,C,A,-13.821,3.665,8.929
57,SER,981,H,A,-11.703,5.701,9.226
57,SER,982,HA,A,-13.684,4.453,10.908
58,SER,986,N,A,-13.209,3.66,7.753
58,SER,987,CA,A,-13.576,2.706,6.723
58,SER,988,C,A,-13.141,1.265,7.05
58,SER,992,H,A,-12.518,4.331,7.573
58,SER,993,HA,A,-14.654,2.716,6.664
