residue_number,residue_name,atom_number,atom_name,chain_id,x_coord,y_coord,z_coord
728,HIS,553,N,A,5.899,-2.016,-2.169
728,HIS,554,CA,A,6.565,-2.874,-1.206
728,HIS,555,C,A,6.914,-1.986,-0.037
728,HIS,564,HA,A,5.933,-3.697,-0.912
729,ARG,571,N,A,7.651,-2.476,0.925
729,ARG,572,CA,A,8.172,-1.574,1.954
729,ARG,573,C,A,9.577,-1.979,2.344
729,ARG,582,H,A,7.818,-3.444,0.967
729,ARG,583,HA,A,8.265,-0.617,1.461
730,SER,595,N,A,10.231,-2.673,1.458
730,SER,596,CA,A,11.559,-3.154,1.693
730,SER,597,C,A,12.255,-3.417,0.377
730,SER,601,H,A,9.84,-2.878,0.587
730,SER,602,HA,A,12.143,-2.398,2.2
731,ILE,606,N,A,13.56,-3.518,0.432
731,ILE,607,CA,A,14.371,-3.787,-0.726
731,ILE,608,C,A,15.178,-5.033,-0.482
731,ILE,614,H,A,14.009,-3.395,1.301
731,ILE,615,HA,A,13.72,-3.94,-1.574
732,THR,625,N,A,15.73,-5.599,-1.516
732,THR,626,CA,A,16.527,-6.81,-1.37
732,THR,627,C,A,17.808,-6.721,-2.187
732,THR,632,H,A,15.566,-5.204,-2.411
732,THR,633,HA,A,16.811,-6.937,-0.338
733,CYS,639,N,A,18.904,-7.107,-1.592
733,CYS,640,CA,A,20.18,-7.128,-2.27
733,CYS,641,C,A,20.348,-8.428,-3.048
733,CYS,645,H,A,18.859,-7.391,-0.652
733,CYS,646,HA,A,20.157,-6.318,-2.986
734,ILE,649,N,A,20.24,-8.3,-4.354
734,ILE,650,CA,A,20.318,-9.386,-5.309
734,ILE,651,C,A,21.042,-8.921,-6.57
734,ILE,657,H,A,20.114,-7.398,-4.731
734,ILE,658,HA,A,20.923,-10.162,-4.866
735,HIS,668,N,A,21.826,-9.788,-7.173
735,HIS,669,CA,A,22.603,-9.456,-8.4
735,HIS,670,C,A,23.672,-8.368,-8.162
735,HIS,678,H,A,21.884,-10.7,-6.798
735,HIS,679,HA,A,23.124,-10.36,-8.683
