residue_number,residue_name,atom_number,atom_name,chain_id,x_coord,y_coord,z_coord
185,THR,2840,N,A,-36.315,41.322,-52.605
185,THR,2841,CA,A,-35.221,41.145,-51.645
185,THR,2842,C,A,-33.952,40.518,-52.262
185,THR,2848,HA,A,-34.896,42.11,-51.287
186,ALA,2854,N,A,-32.784,41.053,-51.9
186,ALA,2855,CA,A,-31.492,40.572,-52.412
186,ALA,2856,C,A,-30.65,39.79,-51.393
186,ALA,2859,H,A,-32.788,41.799,-51.266
186,ALA,2860,HA,A,-31.664,39.86,-53.205
187,GLN,2864,N,A,-29.537,39.234,-51.869
187,GLN,2865,CA,A,-28.623,38.453,-51.036
187,GLN,2866,C,A,-27.276,39.157,-50.843
187,GLN,2873,H,A,-29.322,39.353,-52.817
187,GLN,2874,HA,A,-29.052,38.33,-50.052
188,VAL,2881,N,A,-26.72,39.04,-49.639
188,VAL,2882,CA,A,-25.446,39.668,-49.309
188,VAL,2883,C,A,-24.334,38.644,-49.081
188,VAL,2888,H,A,-27.182,38.515,-48.953
188,VAL,2889,HA,A,-25.134,40.289,-50.136
189,ALA,2897,N,A,-23.111,39.03,-49.432
189,ALA,2898,CA,A,-21.943,38.173,-49.267
189,ALA,2899,C,A,-20.748,39.059,-48.952
189,ALA,2902,H,A,-22.991,39.923,-49.815
189,ALA,2903,HA,A,-22.116,37.489,-48.449
190,ALA,2907,N,A,-20.074,38.776,-47.84
190,ALA,2908,CA,A,-18.922,39.577,-47.448
190,ALA,2909,C,A,-17.836,38.788,-46.733
190,ALA,2912,H,A,-20.355,38.022,-47.281
190,ALA,2913,HA,A,-18.438,39.966,-48.331
191,VAL,2917,N,A,-16.702,39.453,-46.542
191,VAL,2918,CA,A,-15.549,38.88,-45.866
191,VAL,2919,C,A,-14.789,40.009,-45.195
191,VAL,2924,H,A,-16.638,40.372,-46.873
191,VAL,2925,HA,A,-15.893,38.171,-45.128
192,LEU,2933,N,A,-14.636,39.893,-43.883
192,LEU,2934,CA,A,-13.92,40.887,-43.1
192,LEU,2935,C,A,-12.538,40.308,-42.807
192,LEU,2941,H,A,-15.018,39.113,-43.426
192,LEU,2942,HA,A,-13.835,41.799,-43.672
193,LYS,2952,N,A,-11.505,41.139,-42.899
193,LYS,2953,CA,A,-10.138,40.681,-42.657
193,LYS,2954,C,A,-9.307,41.638,-41.822
193,LYS,2961,H,A,-11.663,42.077,-43.133
193,LYS,2962,HA,A,-10.166,39.759,-42.096
194,ILE,2974,N,A,-8.508,41.067,-40.928
194,ILE,2975,CA,A,-7.622,41.836,-40.061
194,ILE,2976,C,A,-6.253,41.169,-40.013
194,ILE,2982,H,A,-8.513,40.091,-40.847
194,ILE,2983,HA,A,-7.557,42.846,-40.44
195,GLN,2993,N,A,-5.206,41.974,-40.096
195,GLN,2994,CA,A,-3.862,41.441,-40.002
195,GLN,2995,C,A,-2.983,42.433,-39.26
195,GLN,3002,H,A,-5.34,42.937,-40.221
195,GLN,3003,HA,A,-3.885,40.528,-39.425
196,VAL,3010,N,A,-2.314,41.948,-38.222
196,VAL,3011,CA,A,-1.411,42.766,-37.429
196,VAL,3012,C,A,-0.086,42.021,-37.303
196,VAL,3017,H,A,-2.434,41.007,-37.981
196,VAL,3018,HA,A,-1.251,43.706,-37.936
197,HIS,3026,N,A,1.016,42.759,-37.361
197,HIS,3027,CA,A,2.339,42.16,-37.257
197,HIS,3028,C,A,3.207,42.98,-36.31
197,HIS,3036,H,A,0.937,43.729,-37.476
197,HIS,3037,HA,A,2.248,41.156,-36.872
198,TYR,3044,N,A,3.773,42.309,-35.31
198,TYR,3045,CA,A,4.678,42.918,-34.331
198,TYR,3046,C,A,5.975,42.129,-34.516
198,TYR,3056,H,A,3.574,41.354,-35.223
198,TYR,3057,HA,A,4.765,43.973,-34.54
199,TYR,3065,N,A,7.093,42.816,-34.733
199,TYR,3066,CA,A,8.33,42.083,-34.964
199,TYR,3067,C,A,9.611,42.576,-34.318
199,TYR,3077,H,A,7.085,43.796,-34.736
199,TYR,3078,HA,A,8.266,41.115,-34.49
200,GLU,3086,N,A,9.507,43.121,-33.115
200,GLU,3087,CA,A,10.711,43.529,-32.416
200,GLU,3088,C,A,11.142,42.283,-31.631
200,GLU,3095,H,A,8.627,43.247,-32.703
200,GLU,3096,HA,A,11.45,43.839,-33.14
201,ASP,3101,N,A,12.273,41.709,-32.025
201,ASP,3102,CA,A,12.824,40.514,-31.38
201,ASP,3103,C,A,11.82,39.373,-31.33
201,ASP,3109,H,A,12.761,42.102,-32.779
201,ASP,3110,HA,A,13.655,40.144,-31.961
