residue_number,residue_name,atom_number,atom_name,chain_id,x_coord,y_coord,z_coord
8,ASN,66,N,A,20.387,-64.091,12.874
8,ASN,67,CA,A,21.253,-62.947,12.613
8,ASN,68,C,A,22.393,-62.886,13.626
8,ASN,75,HA,A,21.671,-63.066,11.625
9,VAL,80,N,A,23.308,-61.943,13.422
9,VAL,81,CA,A,24.446,-61.777,14.318
9,VAL,82,C,A,25.268,-60.55,13.94
9,VAL,87,H,A,23.214,-61.345,12.652
9,VAL,88,HA,A,24.067,-61.65,15.321
10,ASP,96,N,A,25.9,-59.939,14.936
10,ASP,97,CA,A,26.721,-58.755,14.708
10,ASP,98,C,A,27.778,-58.609,15.798
10,ASP,104,H,A,25.814,-60.294,15.846
10,ASP,105,HA,A,27.216,-58.872,13.757
11,SER,108,N,A,29.01,-58.327,15.386
11,SER,109,CA,A,30.113,-58.167,16.327
11,SER,110,C,A,30.264,-56.707,16.744
11,SER,114,H,A,29.182,-58.227,14.426
11,SER,115,HA,A,29.89,-58.758,17.203
12,ASN,119,N,A,30.455,-55.834,15.76
12,ASN,120,CA,A,30.615,-54.409,16.024
12,ASN,121,C,A,29.488,-53.89,16.913
12,ASN,127,H,A,30.49,-56.156,14.835
12,ASN,128,HA,A,31.555,-54.27,16.536
13,GLN,133,N,A,29.859,-53.195,17.983
13,GLN,134,CA,A,28.88,-52.645,18.913
13,GLN,135,C,A,29.03,-51.132,19.03
13,GLN,142,H,A,30.813,-53.049,18.152
13,GLN,143,HA,A,27.896,-52.867,18.528
14,ASN,150,N,A,30.186,-50.693,19.519
14,ASN,151,CA,A,30.455,-49.269,19.682
14,ASN,152,C,A,31.911,-49.032,20.072
14,ASN,158,H,A,30.873,-51.342,19.776
14,ASN,159,HA,A,30.264,-48.785,18.736
15,LYS,164,N,A,32.285,-47.763,20.198
15,LYS,165,CA,A,33.647,-47.4,20.568
15,LYS,166,C,A,33.683,-46.026,21.23
15,LYS,173,H,A,31.627,-47.053,20.039
15,LYS,174,HA,A,34.007,-48.135,21.272
16,ALA,186,N,A,34.802,-45.715,21.876
16,ALA,187,CA,A,34.965,-44.432,22.548
16,ALA,188,C,A,36.39,-43.911,22.401
16,ALA,191,H,A,35.536,-46.363,21.9
16,ALA,192,HA,A,34.286,-43.727,22.09
17,SER,196,N,A,36.524,-42.597,22.257
17,SER,197,CA,A,37.833,-41.974,22.102
17,SER,198,C,A,38.446,-41.652,23.462
17,SER,202,H,A,35.722,-42.033,22.252
17,SER,203,HA,A,38.475,-42.674,21.588
18,MET,207,N,A,39.013,-42.668,24.104
18,MET,208,CA,A,39.636,-42.494,25.411
18,MET,209,C,A,41.07,-41.994,25.268
18,MET,215,H,A,39.015,-43.556,23.688
18,MET,216,HA,A,39.063,-41.757,25.954
19,LEU,224,N,A,41.311,-41.187,24.241
19,LEU,225,CA,A,42.641,-40.641,23.993
19,LEU,226,C,A,42.778,-39.246,24.595
19,LEU,232,H,A,40.578,-40.951,23.635
19,LEU,233,HA,A,43.36,-41.294,24.462
20,GLN,243,N,A,41.648,-38.565,24.762
20,GLN,244,CA,A,41.643,-37.222,25.329
20,GLN,245,C,A,41.086,-37.233,26.749
20,GLN,252,H,A,40.799,-38.976,24.498
20,GLN,253,HA,A,42.663,-36.871,25.358
21,ALA,260,N,A,41.606,-36.345,27.59
21,ALA,261,CA,A,41.16,-36.251,28.974
21,ALA,262,C,A,40.937,-34.799,29.382
21,ALA,265,H,A,42.306,-35.737,27.271
21,ALA,266,HA,A,40.225,-36.786,29.06
22,ARG,270,N,A,39.797,-34.534,30.012
22,ARG,271,CA,A,39.463,-33.185,30.452
22,ARG,272,C,A,40.158,-32.856,31.77
22,ARG,281,H,A,39.165,-35.263,30.183
22,ARG,282,HA,A,39.805,-32.495,29.696
23,LEU,294,N,A,41.3,-32.185,31.678
23,LEU,295,CA,A,42.064,-31.808,32.863
23,LEU,296,C,A,41.795,-30.356,33.246
23,LEU,302,H,A,41.64,-31.936,30.794
23,LEU,303,HA,A,41.75,-32.446,33.676
24,ASN,313,N,A,41.281,-29.584,32.293
24,ASN,314,CA,A,40.977,-28.178,32.531
24,ASN,315,C,A,39.608,-27.814,31.963
24,ASN,321,H,A,41.103,-29.969,31.41
24,ASN,322,HA,A,40.965,-28.017,33.598
25,ASP,327,N,A,39.102,-26.65,32.355
25,ASP,328,CA,A,37.803,-26.184,31.884
25,ASP,329,C,A,37.965,-25.181,30.746
25,ASP,335,H,A,39.615,-26.09,32.975
25,ASP,336,HA,A,37.257,-27.04,31.517
26,GLU,339,N,A,36.842,-24.751,30.179
26,GLU,340,CA,A,36.861,-23.792,29.08
26,GLU,341,C,A,35.634,-22.886,29.128
26,GLU,348,H,A,35.982,-25.086,30.507
26,GLU,349,HA,A,37.747,-23.184,29.186
27,ALA,354,N,A,35.859,-21.587,28.961
27,ALA,355,CA,A,34.773,-20.615,28.983
27,ALA,356,C,A,34.172,-20.431,27.593
27,ALA,359,H,A,36.777,-21.275,28.818
27,ALA,360,HA,A,34.007,-20.985,29.649
