residue_number,residue_name,atom_number,atom_name,chain_id,x_coord,y_coord,z_coord
104,LYS,1479,N,A,12.547,8.195,8.632
104,LYS,1480,CA,A,11.61,9.295,8.859
104,LYS,1481,C,A,10.326,9.004,8.088
104,LYS,1489,HA,A,11.39,9.318,9.926
105,GLU,1501,N,A,9.206,9.562,8.531
105,GLU,1502,CA,A,7.965,9.645,7.766
105,GLU,1503,C,A,8.15,10.691,6.663
105,GLU,1510,H,A,9.255,10.134,9.357
105,GLU,1511,HA,A,7.714,8.681,7.324
106,ILE,1516,N,A,7.523,10.507,5.5
106,ILE,1517,CA,A,7.454,11.517,4.453
106,ILE,1518,C,A,6.01,11.771,4.008
106,ILE,1524,H,A,7.093,9.614,5.276
106,ILE,1525,HA,A,7.807,12.468,4.856
107,GLU,1535,N,A,5.1,10.792,4.071
107,GLU,1536,CA,A,3.693,11.011,3.727
107,GLU,1537,C,A,2.816,10.434,4.818
107,GLU,1544,H,A,5.33,9.895,4.486
107,GLU,1545,HA,A,3.511,12.084,3.699
108,LYS,1550,N,A,1.677,11.083,5.034
108,LYS,1551,CA,A,0.818,10.959,6.197
108,LYS,1552,C,A,-0.591,11.212,5.69
108,LYS,1559,H,A,1.412,11.826,4.385
108,LYS,1560,HA,A,0.874,9.944,6.582
109,LYS,1572,N,A,-1.298,10.159,5.288
109,LYS,1573,CA,A,-2.556,10.266,4.56
109,LYS,1574,C,A,-3.643,9.432,5.195
109,LYS,1581,H,A,-0.928,9.218,5.39
109,LYS,1582,HA,A,-2.932,11.291,4.593
110,SER,1594,N,A,-4.823,9.664,4.653
110,SER,1595,CA,A,-5.986,8.828,4.752
110,SER,1596,C,A,-6.736,9.024,3.433
110,SER,1600,H,A,-4.876,10.333,3.893
110,SER,1601,HA,A,-5.649,7.803,4.842
111,LEU,1605,N,A,-7.694,8.146,3.147
111,LEU,1606,CA,A,-8.691,8.254,2.095
111,LEU,1607,C,A,-9.992,7.653,2.614
111,LEU,1613,H,A,-7.808,7.333,3.742
111,LEU,1614,HA,A,-8.845,9.3,1.818
112,VAL,1624,N,A,-11.098,8.011,1.97
112,VAL,1625,CA,A,-12.44,7.561,2.289
112,VAL,1626,C,A,-13.063,6.982,1.021
112,VAL,1631,H,A,-11.019,8.627,1.168
112,VAL,1632,HA,A,-12.373,6.752,3.012
113,PHE,1640,N,A,-13.496,5.725,1.087
113,PHE,1641,CA,A,-14.2,5.053,0.004
113,PHE,1642,C,A,-15.63,4.831,0.457
113,PHE,1651,H,A,-13.559,5.258,1.987
113,PHE,1652,HA,A,-14.197,5.678,-0.886
114,ARG,1660,N,A,-16.577,4.87,-0.48
114,ARG,1661,CA,A,-17.989,4.74,-0.152
114,ARG,1662,C,A,-18.715,3.908,-1.197
114,ARG,1671,H,A,-16.308,4.922,-1.458
114,ARG,1672,HA,A,-18.058,4.183,0.781
115,ASP,1684,N,A,-19.928,3.504,-0.849
115,ASP,1685,CA,A,-20.843,2.754,-1.693
115,ASP,1686,C,A,-21.3,3.569,-2.902
115,ASP,1692,H,A,-20.317,3.796,0.035
115,ASP,1693,HA,A,-20.331,1.864,-2.059
