residue_number,residue_name,atom_number,atom_name,chain_id,x_coord,y_coord,z_coord
2,SER,10,N,A,-26.953,10.056,9.391
2,SER,11,CA,A,-26.299,9.028,8.603
2,SER,12,C,A,-25.562,8.063,9.517
2,SER,17,HA,A,-27.06,8.488,8.057
3,SER,21,N,A,-25.766,6.774,9.291
3,SER,22,CA,A,-25.124,5.74,10.085
3,SER,23,C,A,-23.603,5.819,9.967
3,SER,27,H,A,-26.373,6.505,8.569
3,SER,28,HA,A,-25.402,5.894,11.117
4,ILE,32,N,A,-23.11,5.716,8.73
4,ILE,33,CA,A,-21.676,5.728,8.443
4,ILE,34,C,A,-20.93,4.763,9.362
4,ILE,40,H,A,-23.739,5.627,7.979
4,ILE,41,HA,A,-21.552,5.385,7.425
5,SER,51,N,A,-21.103,3.482,9.097
5,SER,52,CA,A,-20.475,2.445,9.889
5,SER,53,C,A,-20.054,1.31,8.974
5,SER,57,H,A,-21.663,3.225,8.334
5,SER,58,HA,A,-19.597,2.865,10.354
6,HIS,62,N,A,-21.021,0.707,8.287
6,HIS,63,CA,A,-20.699,-0.236,7.234
6,HIS,64,C,A,-20.422,0.531,5.95
6,HIS,72,H,A,-21.966,0.892,8.503
6,HIS,73,HA,A,-19.794,-0.75,7.525
7,SER,80,N,A,-19.361,1.309,5.99
7,SER,81,CA,A,-18.913,2.067,4.846
7,SER,82,C,A,-17.393,2.099,4.843
7,SER,86,H,A,-18.854,1.375,6.829
7,SER,87,HA,A,-19.258,1.561,3.96
