residue_number,residue_name,atom_number,atom_name,chain_id,x_coord,y_coord,z_coord
30,ALA,85,N,A,6.199,6.176,4.516
30,ALA,86,CA,A,5.703,6.699,3.249
30,ALA,87,C,A,4.533,7.653,3.47
30,ALA,91,HA,A,6.508,7.238,2.771
31,VAL,95,N,A,4.746,8.926,3.155
31,VAL,96,CA,A,3.709,9.938,3.319
31,VAL,97,C,A,2.887,10.093,2.044
31,VAL,102,H,A,5.621,9.192,2.804
31,VAL,103,HA,A,3.058,9.622,4.121
32,GLU,111,N,A,3.555,9.996,0.899
32,GLU,112,CA,A,2.885,10.126,-0.389
32,GLU,113,C,A,2.014,8.907,-0.674
32,GLU,120,H,A,4.522,9.834,0.922
32,GLU,121,HA,A,2.255,11.002,-0.348
33,PHE,126,N,A,0.866,9.14,-1.302
33,PHE,127,CA,A,-0.059,8.063,-1.633
33,PHE,128,C,A,0.614,7.024,-2.525
33,PHE,137,H,A,0.635,10.061,-1.55
33,PHE,138,HA,A,-0.357,7.588,-0.711
34,SER,146,N,A,1.205,7.488,-3.622
34,SER,147,CA,A,1.881,6.6,-4.56
34,SER,148,C,A,2.867,5.691,-3.834
34,SER,152,H,A,1.185,8.451,-3.804
34,SER,153,HA,A,1.129,5.988,-5.037
35,ASP,157,N,A,3.525,6.235,-2.817
35,ASP,158,CA,A,4.496,5.474,-2.04
35,ASP,159,C,A,3.795,4.499,-1.098
35,ASP,165,H,A,3.354,7.172,-2.583
35,ASP,166,HA,A,5.107,4.912,-2.729
36,VAL,169,N,A,2.611,4.882,-0.633
36,VAL,170,CA,A,1.837,4.042,0.275
36,VAL,171,C,A,1.302,2.807,-0.443
36,VAL,176,H,A,2.248,5.751,-0.906
36,VAL,177,HA,A,2.49,3.727,1.075
37,LYS,185,N,A,0.541,3.033,-1.508
37,LYS,186,CA,A,-0.032,1.94,-2.285
37,LYS,187,C,A,1.055,0.979,-2.757
37,LYS,194,H,A,0.363,3.957,-1.781
37,LYS,195,HA,A,-0.717,1.404,-1.647
38,THR,207,N,A,2.249,1.514,-2.993
38,THR,208,CA,A,3.372,0.704,-3.449
38,THR,209,C,A,3.835,-0.256,-2.358
38,THR,214,H,A,2.376,2.476,-2.86
38,THR,215,HA,A,3.046,0.13,-4.304
39,LEU,221,N,A,3.83,0.219,-1.117
39,LEU,222,CA,A,4.25,-0.598,0.016
39,LEU,223,C,A,3.235,-1.701,0.297
39,LEU,229,H,A,3.537,1.14,-0.959
39,LEU,230,HA,A,5.197,-1.051,-0.234
40,LEU,240,N,A,1.96,-1.391,0.093
40,LEU,241,CA,A,0.892,-2.358,0.322
40,LEU,242,C,A,0.895,-3.438,-0.754
40,LEU,248,H,A,1.731,-0.492,-0.219
40,LEU,249,HA,A,1.064,-2.822,1.282
41,LYS,259,N,A,0.988,-3.016,-2.011
41,LYS,260,CA,A,1.006,-3.946,-3.133
41,LYS,261,C,A,2.081,-5.011,-2.939
41,LYS,268,H,A,1.048,-2.052,-2.187
41,LYS,269,HA,A,0.042,-4.429,-3.178
42,GLU,281,N,A,3.265,-4.58,-2.514
42,GLU,282,CA,A,4.376,-5.498,-2.29
42,GLU,283,C,A,4.182,-6.279,-0.994
42,GLU,290,H,A,3.395,-3.623,-2.35
42,GLU,291,HA,A,4.402,-6.194,-3.114
43,TRP,296,N,A,3.732,-5.586,0.046
43,TRP,297,CA,A,3.505,-6.214,1.343
43,TRP,298,C,A,2.413,-7.274,1.25
43,TRP,310,H,A,3.547,-4.629,-0.061
43,TRP,311,HA,A,4.426,-6.688,1.647
44,ILE,320,N,A,1.659,-7.247,0.157
44,ILE,321,CA,A,0.583,-8.208,-0.052
44,ILE,322,C,A,1.002,-9.298,-1.032
44,ILE,328,H,A,1.829,-6.565,-0.525
44,ILE,329,HA,A,0.353,-8.663,0.901
45,THR,339,N,A,2.078,-9.042,-1.769
45,THR,340,CA,A,2.584,-10.002,-2.742
45,THR,341,C,A,3.77,-10.78,-2.182
45,THR,346,H,A,2.542,-8.186,-1.653
45,THR,347,HA,A,1.788,-10.695,-2.972
46,THR,353,N,A,4.794,-10.054,-1.744
46,THR,354,CA,A,5.988,-10.675,-1.186
46,THR,355,C,A,5.676,-11.387,0.124
46,THR,360,H,A,4.744,-9.076,-1.798
46,THR,361,HA,A,6.352,-11.399,-1.901
47,ILE,367,N,A,4.531,-11.06,0.712
47,ILE,368,CA,A,4.116,-11.67,1.969
47,ILE,369,C,A,2.694,-12.214,1.873
47,ILE,375,H,A,3.951,-10.393,0.291
47,ILE,376,HA,A,4.789,-12.49,2.18
48,SER,386,N,A,2.523,-13.48,2.241
48,SER,387,CA,A,1.213,-14.119,2.194
48,SER,388,C,A,0.648,-14.303,3.6
48,SER,392,H,A,3.298,-13.996,2.548
48,SER,393,HA,A,0.551,-13.477,1.634
49,ASP,397,N,A,1.538,-14.355,4.586
49,ASP,398,CA,A,1.13,-14.526,5.975
49,ASP,399,C,A,1.454,-13.281,6.794
49,ASP,405,H,A,2.492,-14.275,4.374
49,ASP,406,HA,A,0.062,-14.683,5.99
