residue_number,residue_name,atom_number,atom_name,chain_id,x_coord,y_coord,z_coord
1530,LYS,752,N,A,-5.917,-15.272,1.92
1530,LYS,753,CA,A,-5.331,-16.266,1.007
1530,LYS,754,C,A,-6.197,-16.503,-0.241
1530,LYS,762,HA,A,-4.409,-15.814,0.642
1531,ASP,774,N,A,-7.478,-16.148,-0.203
1531,ASP,775,CA,A,-8.45,-16.391,-1.268
1531,ASP,776,C,A,-8.678,-15.139,-2.128
1531,ASP,782,H,A,-7.841,-15.728,0.646
1531,ASP,783,HA,A,-8.07,-17.161,-1.936
1532,ILE,786,N,A,-7.801,-14.127,-2.071
1532,ILE,787,CA,A,-7.936,-12.888,-2.838
1532,ILE,788,C,A,-6.595,-12.622,-3.522
1532,ILE,794,H,A,-6.999,-14.181,-1.449
1532,ILE,795,HA,A,-8.677,-13.053,-3.621
1533,LEU,805,N,A,-6.664,-12.192,-4.778
1533,LEU,806,CA,A,-5.588,-12.034,-5.744
1533,LEU,807,C,A,-5.642,-10.563,-6.123
1533,LEU,813,H,A,-7.586,-12.014,-5.148
1533,LEU,814,HA,A,-4.634,-12.293,-5.296
1534,LEU,824,N,A,-4.663,-9.747,-5.716
1534,LEU,825,CA,A,-4.798,-8.283,-5.846
1534,LEU,826,C,A,-4.009,-7.614,-6.96
1534,LEU,832,H,A,-3.861,-10.138,-5.223
1534,LEU,833,HA,A,-5.83,-8.076,-6.109
1535,CYS,843,N,A,-3.185,-8.364,-7.677
1535,CYS,844,CA,A,-2.349,-7.848,-8.752
1535,CYS,845,C,A,-2.536,-8.825,-9.907
1535,CYS,849,H,A,-3.099,-9.352,-7.47
1535,CYS,850,HA,A,-2.717,-6.872,-9.082
1536,ASP,854,N,A,-3.813,-9.051,-10.247
1536,ASP,855,CA,A,-4.231,-10.13,-11.139
1536,ASP,856,C,A,-4.969,-9.72,-12.424
1536,ASP,862,H,A,-4.544,-8.499,-9.817
1536,ASP,863,HA,A,-3.336,-10.657,-11.469
