residue_number,residue_name,atom_number,atom_name,chain_id,x_coord,y_coord,z_coord
18,ASP,262,N,A,16.085,-1.36,1.673
18,ASP,263,CA,A,17.061,-1.4,0.622
18,ASP,264,C,A,16.343,-0.916,-0.614
18,ASP,271,HA,A,17.881,-0.734,0.86
19,VAL,274,N,A,16.814,0.132,-1.163
19,VAL,275,CA,A,16.147,0.829,-2.263
19,VAL,276,C,A,16.458,0.218,-3.594
19,VAL,281,H,A,17.677,0.436,-0.803
19,VAL,282,HA,A,15.082,0.795,-2.091
20,TYR,290,N,A,15.433,-0.059,-4.297
20,TYR,291,CA,A,15.462,-0.576,-5.633
20,TYR,292,C,A,14.882,0.379,-6.592
20,TYR,302,H,A,14.584,0.1,-3.855
20,TYR,303,HA,A,16.463,-0.726,-5.987
21,LEU,311,N,A,15.486,0.445,-7.73
21,LEU,312,CA,A,14.899,1.105,-8.844
21,LEU,313,C,A,13.84,0.165,-9.33
21,LEU,319,H,A,16.374,0.049,-7.83
21,LEU,320,HA,A,14.272,1.944,-8.613
22,ALA,330,N,A,12.834,0.723,-9.849
22,ALA,331,CA,A,11.722,-0.038,-10.284
22,ALA,332,C,A,11.116,0.581,-11.482
22,ALA,335,H,A,12.868,1.704,-9.968
22,ALA,336,HA,A,12.073,-1.028,-10.536
23,ASP,340,N,A,10.562,-0.244,-12.298
23,ASP,341,CA,A,9.897,0.191,-13.489
23,ASP,342,C,A,8.45,0.259,-13.149
23,ASP,348,H,A,10.565,-1.184,-12.034
23,ASP,349,HA,A,10.209,1.205,-13.689
24,LEU,352,N,A,8.186,1.312,-12.45
24,LEU,353,CA,A,6.948,1.659,-11.838
24,LEU,354,C,A,5.952,2.059,-12.945
24,LEU,360,H,A,8.909,1.958,-12.305
24,LEU,361,HA,A,6.574,0.859,-11.218
25,SER,371,N,A,6.522,2.364,-14.109
25,SER,372,CA,A,5.907,2.655,-15.403
25,SER,373,C,A,4.544,1.882,-15.733
25,SER,377,H,A,7.49,2.484,-14.116
25,SER,378,HA,A,5.702,3.715,-15.409
