residue_number,residue_name,atom_number,atom_name,chain_id,x_coord,y_coord,z_coord
47,VAL,994,N,A,-2.616,10.795,5.156
47,VAL,995,CA,A,-2.376,12.186,4.953
47,VAL,996,C,A,-2.331,12.805,6.292
47,VAL,1002,HA,A,-1.386,12.264,4.526
48,ARG,1010,N,A,-1.141,13.092,6.683
48,ARG,1011,CA,A,-0.854,13.465,8.019
48,ARG,1012,C,A,-1.254,14.868,8.344
48,ARG,1021,H,A,-0.437,13.086,6.001
48,ARG,1022,HA,A,-1.452,12.813,8.635
49,LYS,1034,N,A,-1.903,14.971,9.444
49,LYS,1035,CA,A,-2.352,16.179,9.996
49,LYS,1036,C,A,-2.103,16.177,11.502
49,LYS,1043,H,A,-2.095,14.163,9.957
49,LYS,1044,HA,A,-1.74,16.958,9.567
50,GLU,1056,N,A,-1.02,16.756,11.882
50,GLU,1057,CA,A,-0.652,16.836,13.261
50,GLU,1058,C,A,-0.919,18.241,13.729
50,GLU,1066,H,A,-0.461,17.183,11.202
50,GLU,1067,HA,A,-1.295,16.16,13.805
