residue_number,residue_name,atom_number,atom_name,chain_id,x_coord,y_coord,z_coord
141,LEU,684,N,A,80.067,-66.257,-35.651
141,LEU,685,CA,A,79.985,-65.3,-36.748
141,LEU,686,C,A,80.535,-63.941,-36.328
141,LEU,693,HA,A,80.582,-65.68,-37.565
142,ILE,703,N,A,80.33,-63.591,-35.062
142,ILE,704,CA,A,80.808,-62.32,-34.535
142,ILE,705,C,A,81.496,-62.508,-33.186
142,ILE,711,H,A,79.848,-64.205,-34.469
142,ILE,712,HA,A,81.522,-61.915,-35.237
143,HIS,722,N,A,82.623,-61.828,-33.003
143,HIS,723,CA,A,83.376,-61.918,-31.757
143,HIS,724,C,A,83.617,-60.532,-31.166
143,HIS,732,H,A,82.956,-61.252,-33.722
143,HIS,733,HA,A,82.793,-62.498,-31.058
144,PHE,739,N,A,82.86,-60.199,-30.125
144,PHE,740,CA,A,82.99,-58.903,-29.47
144,PHE,741,C,A,84.226,-58.866,-28.575
144,PHE,750,H,A,82.2,-60.841,-29.79
144,PHE,751,HA,A,83.095,-58.153,-30.238
