residue_number,residue_name,atom_number,atom_name,chain_id,x_coord,y_coord,z_coord
154,ASN,2468,N,A,16.795,31.141,73.125
154,ASN,2469,CA,A,17.503,30.472,74.198
154,ASN,2470,C,A,18.727,29.656,73.807
154,ASN,2477,HA,A,17.819,31.161,74.981
155,THR,2482,N,A,19.908,30.086,74.259
155,THR,2483,CA,A,21.218,29.58,73.902
155,THR,2484,C,A,21.948,30.322,72.792
155,THR,2489,H,A,19.895,31.001,74.686
155,THR,2490,HA,A,21.694,30.092,74.738
156,LEU,2496,N,A,23.226,30.65,72.993
156,LEU,2497,CA,A,23.951,31.594,72.167
156,LEU,2498,C,A,25.373,31.202,71.796
156,LEU,2504,H,A,23.697,30.474,73.869
156,LEU,2505,HA,A,23.639,31.438,71.135
157,ALA,2515,N,A,26.009,30.292,72.538
157,ALA,2516,CA,A,27.275,29.672,72.202
157,ALA,2517,C,A,27.264,28.321,72.903
157,ALA,2520,H,A,25.417,29.687,73.089
157,ALA,2521,HA,A,27.312,29.613,71.114
158,HIS,2525,N,A,28.11,27.412,72.413
158,HIS,2526,CA,A,28.642,26.32,73.204
158,HIS,2527,C,A,30.156,26.441,73.107
158,HIS,2535,H,A,28.639,27.451,71.554
158,HIS,2536,HA,A,28.43,26.374,74.272
159,ALA,2542,N,A,30.868,25.792,74.031
159,ALA,2543,CA,A,32.3,25.873,74.235
159,ALA,2544,C,A,32.832,24.585,74.849
159,ALA,2547,H,A,30.501,25.225,74.781
159,ALA,2548,HA,A,32.924,26.043,73.358
160,PHE,2552,N,A,33.81,23.966,74.184
160,PHE,2553,CA,A,34.503,22.818,74.733
160,PHE,2554,C,A,35.618,23.371,75.609
160,PHE,2563,H,A,33.941,24.407,73.285
160,PHE,2564,HA,A,33.892,22.117,75.301
161,ALA,2572,N,A,35.856,22.723,76.751
161,ALA,2573,CA,A,36.868,23.088,77.722
161,ALA,2574,C,A,38.25,22.78,77.162
161,ALA,2577,H,A,35.285,21.903,76.895
161,ALA,2578,HA,A,36.833,24.136,78.02
