residue_number,residue_name,atom_number,atom_name,chain_id,x_coord,y_coord,z_coord
11,TYR,142,N,A,-13.581,-2.795,-5.817
11,TYR,143,CA,A,-15.033,-2.692,-5.804
11,TYR,144,C,A,-15.563,-1.671,-4.808
11,TYR,155,HA,A,-15.338,-2.337,-6.788
12,LEU,163,N,A,-16.196,-0.601,-5.298
12,LEU,164,CA,A,-16.7,0.472,-4.451
12,LEU,165,C,A,-18.101,0.884,-4.891
12,LEU,171,H,A,-16.33,-0.521,-6.295
12,LEU,172,HA,A,-16.757,0.121,-3.42
13,LEU,182,N,A,-18.909,1.372,-3.949
13,LEU,183,CA,A,-20.252,1.849,-4.242
13,LEU,184,C,A,-20.619,2.985,-3.294
13,LEU,190,H,A,-18.592,1.425,-2.992
13,LEU,191,HA,A,-20.26,2.261,-5.251
14,GLN,201,N,A,-21.432,3.923,-3.776
14,GLN,202,CA,A,-21.894,5.053,-2.983
14,GLN,203,C,A,-23.409,5.168,-3.116
14,GLN,210,H,A,-21.748,3.86,-4.733
14,GLN,211,HA,A,-21.655,4.876,-1.935
15,VAL,218,N,A,-24.101,5.197,-1.976
15,VAL,219,CA,A,-25.554,5.253,-1.925
15,VAL,220,C,A,-26.019,5.835,-0.595
15,VAL,225,H,A,-23.604,5.175,-1.097
15,VAL,226,HA,A,-25.903,5.906,-2.724
16,GLN,234,N,A,-27.237,6.381,-0.572
16,GLN,235,CA,A,-27.848,6.897,0.639
16,GLN,236,C,A,-28.105,5.728,1.587
16,GLN,243,H,A,-27.771,6.436,-1.428
16,GLN,244,HA,A,-27.17,7.604,1.115
17,GLU,251,N,A,-27.452,5.736,2.755
17,GLU,252,CA,A,-27.5,4.626,3.697
17,GLU,253,C,A,-28.863,4.464,4.373
17,GLU,260,H,A,-26.877,6.533,2.988
17,GLU,261,HA,A,-27.296,3.706,3.149
18,LEU,266,N,A,-29.724,5.486,4.318
18,LEU,267,CA,A,-31.043,5.42,4.926
18,LEU,268,C,A,-32.005,6.348,4.19
18,LEU,274,H,A,-29.469,6.336,3.836
18,LEU,275,HA,A,-31.42,4.401,4.837
19,VAL,285,N,A,-33.11,5.782,3.703
19,VAL,286,CA,A,-34.139,6.491,2.959
19,VAL,287,C,A,-35.451,6.373,3.728
19,VAL,292,H,A,-33.253,4.792,3.848
19,VAL,293,HA,A,-33.884,7.545,2.848
20,THR,301,N,A,-36.293,7.401,3.616
20,THR,302,CA,A,-37.611,7.436,4.24
20,THR,303,C,A,-38.708,7.993,3.338
20,THR,308,H,A,-36.018,8.205,3.07
20,THR,309,HA,A,-37.875,6.394,4.423
21,VAL,315,N,A,-39.902,7.396,3.387
21,VAL,316,CA,A,-41.037,7.831,2.578
21,VAL,317,C,A,-42.36,7.477,3.25
21,VAL,322,H,A,-40.04,6.607,4.001
21,VAL,323,HA,A,-40.984,8.916,2.489
22,GLN,331,N,A,-43.428,8.211,2.935
22,GLN,332,CA,A,-44.748,7.877,3.443
22,GLN,333,C,A,-45.432,6.878,2.512
22,GLN,340,H,A,-43.34,9.003,2.314
22,GLN,341,HA,A,-44.634,7.399,4.415
23,GLU,348,N,A,-46.399,6.133,3.04
23,GLU,349,CA,A,-47.096,5.11,2.28
23,GLU,350,C,A,-48.011,5.735,1.225
23,GLU,357,H,A,-46.654,6.266,4.009
23,GLU,358,HA,A,-46.36,4.482,1.78
