residue_number,residue_name,atom_number,atom_name,chain_id,x_coord,y_coord,z_coord
57,THR,935,N,A,-1.07,-35.128,59.292
57,THR,936,CA,A,-1.204,-35.824,60.558
57,THR,937,C,A,0.16,-35.995,61.219
57,THR,943,HA,A,-1.843,-35.238,61.204
58,TRP,949,N,A,0.25,-35.612,62.481
58,TRP,950,CA,A,1.485,-35.735,63.237
58,TRP,951,C,A,1.153,-36.222,64.642
58,TRP,963,H,A,-0.545,-35.253,62.927
58,TRP,964,HA,A,2.109,-36.469,62.749
59,MET,973,N,A,2.102,-36.881,65.292
59,MET,974,CA,A,1.836,-37.491,66.586
59,MET,975,C,A,2.03,-36.498,67.725
59,MET,981,H,A,2.998,-36.948,64.902
59,MET,982,HA,A,0.807,-37.815,66.589
60,SER,990,N,A,0.986,-36.329,68.517
60,SER,991,CA,A,1.063,-35.537,69.727
60,SER,992,C,A,1.595,-36.409,70.854
60,SER,996,H,A,0.13,-36.749,68.275
60,SER,997,HA,A,1.749,-34.721,69.557
61,SER,1001,N,A,2.561,-35.888,71.597
61,SER,1002,CA,A,3.174,-36.63,72.689
61,SER,1003,C,A,2.304,-36.543,73.944
61,SER,1007,H,A,2.879,-34.975,71.398
61,SER,1008,HA,A,3.246,-37.663,72.388
62,LEU,1012,N,A,1.165,-35.864,73.805
62,LEU,1013,CA,A,0.219,-35.659,74.892
62,LEU,1014,C,A,0.844,-34.862,76.034
62,LEU,1020,H,A,0.942,-35.504,72.931
62,LEU,1021,HA,A,-0.61,-35.091,74.496
63,GLU,1031,N,A,0.121,-34.771,77.138
63,GLU,1032,CA,A,0.594,-34.047,78.301
63,GLU,1033,C,A,1.233,-34.988,79.307
63,GLU,1040,H,A,-0.753,-35.208,77.17
63,GLU,1041,HA,A,1.339,-33.341,77.964
64,HIS,1046,N,A,2.443,-34.648,79.719
64,HIS,1047,CA,A,3.131,-35.381,80.77
64,HIS,1048,C,A,3.339,-34.488,81.985
64,HIS,1056,H,A,2.886,-33.871,79.302
64,HIS,1057,HA,A,2.491,-36.201,81.06
65,HIS,1064,N,A,3.234,-33.175,81.77
65,HIS,1065,CA,A,3.347,-32.195,82.856
65,HIS,1066,C,A,4.685,-32.307,83.585
65,HIS,1074,H,A,3.079,-32.854,80.855
65,HIS,1075,HA,A,3.281,-31.211,82.414
66,HIS,1082,N,A,4.715,-31.794,84.809
66,HIS,1083,CA,A,5.899,-31.864,85.651
66,HIS,1084,C,A,5.524,-32.421,87.018
66,HIS,1092,H,A,3.91,-31.357,85.164
66,HIS,1093,HA,A,6.607,-32.526,85.182
67,HIS,1100,N,A,6.472,-33.07,87.677
67,HIS,1101,CA,A,6.246,-33.579,89.021
67,HIS,1102,C,A,7.359,-33.114,89.95
67,HIS,1110,H,A,7.349,-33.195,87.259
67,HIS,1111,HA,A,5.319,-33.148,89.372
68,HIS,1118,N,A,6.974,-32.586,91.102
68,HIS,1119,CA,A,7.933,-32.054,92.066
68,HIS,1120,C,A,7.653,-32.589,93.463
68,HIS,1128,H,A,6.011,-32.559,91.32
68,HIS,1129,HA,A,8.921,-32.365,91.764
69,HIS,1136,N,A,8.499,-32.2,94.407
69,HIS,1137,CA,A,8.317,-32.534,95.817
69,HIS,1138,C,A,8.881,-31.419,96.683
69,HIS,1147,H,A,9.277,-31.657,94.149
69,HIS,1148,HA,A,7.256,-32.621,96.004
