residue_number,residue_name,atom_number,atom_name,chain_id,x_coord,y_coord,z_coord
29,TYR,413,N,A,6.691,0.809,1.517
29,TYR,414,CA,A,7.037,1.891,2.421
29,TYR,415,C,A,7.72,3.011,1.653
29,TYR,426,HA,A,6.126,2.267,2.86
30,CYS,434,N,A,7.461,4.247,2.042
30,CYS,435,CA,A,8.075,5.38,1.371
30,CYS,436,C,A,9.519,5.521,1.829
30,CYS,440,H,A,6.852,4.401,2.794
30,CYS,441,HA,A,8.057,5.194,0.307
31,ASN,444,N,A,10.445,5.524,0.885
31,ASN,445,CA,A,11.855,5.659,1.222
31,ASN,446,C,A,12.193,7.122,1.513
31,ASN,452,H,A,10.175,5.432,-0.056
31,ASN,453,HA,A,12.021,5.093,2.128
32,SER,458,N,A,13.461,7.4,1.78
32,SER,459,CA,A,13.927,8.751,2.097
32,SER,460,C,A,13.52,9.786,1.039
32,SER,464,H,A,14.117,6.664,1.782
32,SER,465,HA,A,13.478,9.034,3.037
33,LYS,469,N,A,13.411,9.365,-0.215
33,LYS,470,CA,A,13.037,10.272,-1.292
33,LYS,471,C,A,11.507,10.398,-1.408
33,LYS,478,H,A,13.596,8.426,-0.427
33,LYS,479,HA,A,13.447,11.243,-1.06
34,ALA,491,N,A,10.799,10.018,-0.343
34,ALA,492,CA,A,9.335,10.098,-0.288
34,ALA,493,C,A,8.671,9.385,-1.468
34,ALA,496,H,A,11.281,9.685,0.447
34,ALA,497,HA,A,9.019,9.612,0.624
35,VAL,501,N,A,9.143,8.183,-1.767
35,VAL,502,CA,A,8.6,7.386,-2.862
35,VAL,503,C,A,8.242,5.993,-2.355
35,VAL,508,H,A,9.874,7.815,-1.233
35,VAL,509,HA,A,7.704,7.873,-3.223
36,CYS,517,N,A,7.091,5.485,-2.775
36,CYS,518,CA,A,6.632,4.167,-2.358
36,CYS,519,C,A,7.539,3.072,-2.899
36,CYS,523,H,A,6.524,6.018,-3.385
36,CYS,524,HA,A,6.651,4.136,-1.279
37,VAL,527,N,A,8.037,2.237,-2.003
37,VAL,528,CA,A,8.892,1.121,-2.372
37,VAL,529,C,A,8.137,-0.172,-2.092
37,VAL,534,H,A,7.809,2.364,-1.056
37,VAL,535,HA,A,9.099,1.189,-3.431
38,CYS,543,N,A,7.137,-0.442,-2.916
38,CYS,544,CA,A,6.298,-1.616,-2.751
38,CYS,545,C,A,7.075,-2.897,-3.027
38,CYS,549,H,A,6.937,0.185,-3.647
38,CYS,550,HA,A,5.952,-1.634,-1.729
39,ARG,553,N,A,7.023,-3.809,-2.072
39,ARG,554,CA,A,7.678,-5.096,-2.191
39,ARG,555,C,A,6.728,-6.043,-2.879
39,ARG,564,H,A,6.493,-3.616,-1.267
39,ARG,565,HA,A,8.571,-4.977,-2.789
40,ASN,577,N,A,7.059,-6.425,-4.081
40,ASN,578,CA,A,6.204,-7.311,-4.846
40,ASN,579,C,A,7.021,-8.448,-5.438
40,ASN,586,H,A,7.893,-6.099,-4.473
40,ASN,587,HA,A,5.45,-7.71,-4.177
