residue_number,residue_name,atom_number,atom_name,chain_id,x_coord,y_coord,z_coord
236,LEU,2178,N,A,-5.074,-9.229,10.203
236,LEU,2179,CA,A,-5.654,-8.152,11.014
236,LEU,2180,C,A,-4.974,-6.81,10.68
236,LEU,2187,HA,A,-6.713,-8.038,10.779
237,PHE,2197,N,A,-5.542,-5.701,11.163
237,PHE,2198,CA,A,-4.913,-4.375,11.141
237,PHE,2199,C,A,-4.342,-4.007,12.521
237,PHE,2208,H,A,-6.366,-5.796,11.736
237,PHE,2209,HA,A,-4.078,-4.385,10.443
238,THR,2217,N,A,-3.46,-3.001,12.558
238,THR,2218,CA,A,-2.85,-2.458,13.786
238,THR,2219,C,A,-3.337,-1.034,14.04
238,THR,2224,H,A,-3.175,-2.602,11.669
238,THR,2225,HA,A,-3.171,-3.044,14.647
239,ASP,2231,N,A,-3.043,-0.105,13.126
239,ASP,2232,CA,A,-3.434,1.311,13.209
239,ASP,2233,C,A,-3.153,2.083,11.904
239,ASP,2239,H,A,-2.528,-0.373,12.301
239,ASP,2240,HA,A,-4.515,1.328,13.352
240,TYR,2243,N,A,-3.511,3.371,11.887
240,TYR,2244,CA,A,-3.321,4.285,10.753
240,TYR,2245,C,A,-2.015,5.112,10.8
240,TYR,2255,H,A,-3.933,3.744,12.732
240,TYR,2256,HA,A,-3.272,3.684,9.847
241,TYR,2264,N,A,-1.763,5.84,9.708
241,TYR,2265,CA,A,-0.765,6.904,9.56
241,TYR,2266,C,A,-1.165,7.889,8.429
241,TYR,2276,H,A,-2.366,5.671,8.905
241,TYR,2277,HA,A,-0.727,7.482,10.482
