residue_number,residue_name,atom_number,atom_name,chain_id,x_coord,y_coord,z_coord
44,LYS,715,N,A,11.877,3.532,2.01
44,LYS,716,CA,A,13.011,2.838,1.422
44,LYS,717,C,A,13.044,1.399,1.938
44,LYS,725,HA,A,12.858,2.817,0.345
45,ASN,737,N,A,13.684,0.541,1.158
45,ASN,738,CA,A,13.686,-0.881,1.454
45,ASN,739,C,A,14.604,-1.148,2.648
45,ASN,745,H,A,14.194,0.802,0.337
45,ASN,746,HA,A,12.647,-1.134,1.661
46,SER,751,N,A,14.173,-2.076,3.491
46,SER,752,CA,A,14.969,-2.472,4.639
46,SER,753,C,A,15.526,-3.881,4.427
46,SER,757,H,A,13.298,-2.552,3.398
46,SER,758,HA,A,15.779,-1.745,4.693
47,LEU,762,N,A,16.351,-4.305,5.374
47,LEU,763,CA,A,16.974,-5.615,5.291
47,LEU,764,C,A,15.939,-6.692,5.627
47,LEU,770,H,A,16.594,-3.771,6.185
47,LEU,771,HA,A,17.298,-5.759,4.261
48,LEU,781,N,A,14.96,-6.295,6.428
48,LEU,782,CA,A,13.988,-7.241,6.945
48,LEU,783,C,A,12.796,-7.316,5.991
48,LEU,789,H,A,14.827,-5.348,6.722
48,LEU,790,HA,A,14.467,-8.221,6.975
49,VAL,800,N,A,12.264,-6.146,5.665
49,VAL,801,CA,A,11.069,-6.071,4.842
49,VAL,802,C,A,11.349,-5.184,3.625
49,VAL,807,H,A,12.636,-5.264,5.951
49,VAL,808,HA,A,10.842,-7.079,4.497
50,LYS,816,N,A,10.716,-5.541,2.517
50,LYS,817,CA,A,10.859,-4.769,1.293
50,LYS,818,C,A,9.582,-3.964,1.052
50,LYS,825,H,A,10.117,-6.339,2.447
50,LYS,826,HA,A,11.685,-4.073,1.44
51,TYR,838,N,A,9.766,-2.775,0.496
51,TYR,839,CA,A,8.645,-1.889,0.235
51,TYR,840,C,A,8.479,-1.64,-1.266
51,TYR,850,H,A,10.659,-2.418,0.224
51,TYR,851,HA,A,7.743,-2.366,0.62
52,VAL,859,N,A,7.265,-1.873,-1.74
52,VAL,860,CA,A,6.913,-1.515,-3.104
52,VAL,861,C,A,5.673,-0.619,-3.088
52,VAL,866,H,A,6.529,-2.296,-1.213
52,VAL,867,HA,A,7.748,-0.951,-3.522
53,CYS,875,N,A,5.798,0.523,-3.749
53,CYS,876,CA,A,4.724,1.501,-3.763
53,CYS,877,C,A,4.264,1.691,-5.209
53,CYS,881,H,A,6.613,0.783,-4.268
53,CYS,882,HA,A,3.919,1.091,-3.152
54,CYS,886,N,A,3.104,2.313,-5.352
54,CYS,887,CA,A,2.588,2.642,-6.67
54,CYS,888,C,A,1.737,3.909,-6.55
54,CYS,892,H,A,2.521,2.591,-4.587
54,CYS,893,HA,A,3.453,2.815,-7.311
55,ASN,897,N,A,1.666,4.642,-7.653
55,ASN,898,CA,A,0.875,5.858,-7.691
55,ASN,899,C,A,-0.475,5.565,-8.352
55,ASN,905,H,A,2.136,4.415,-8.506
55,ASN,906,HA,A,0.77,6.167,-6.651
56,THR,911,N,A,-0.99,4.378,-8.069
56,THR,912,CA,A,-2.247,3.949,-8.657
56,THR,913,C,A,-3.157,3.342,-7.587
56,THR,918,H,A,-0.564,3.717,-7.451
56,THR,919,HA,A,-2.76,4.827,-9.052
57,ASP,925,N,A,-4.408,3.13,-7.969
57,ASP,926,CA,A,-5.396,2.608,-7.04
57,ASP,927,C,A,-5.358,1.081,-7.069
57,ASP,933,H,A,-4.747,3.307,-8.892
57,ASP,934,HA,A,-5.117,3.014,-6.068
58,ARG,938,N,A,-5.475,0.495,-5.886
58,ARG,939,CA,A,-5.683,-0.94,-5.776
58,ARG,940,C,A,-4.669,-1.689,-6.643
58,ARG,949,H,A,-5.431,0.983,-5.015
58,ARG,950,HA,A,-5.537,-1.162,-4.719
59,CYS,962,N,A,-3.404,-1.344,-6.449
59,CYS,963,CA,A,-2.329,-2.001,-7.174
59,CYS,964,C,A,-1.9,-3.238,-6.382
59,CYS,968,H,A,-3.108,-0.633,-5.811
59,CYS,969,HA,A,-2.735,-2.285,-8.146
60,ASN,973,N,A,-1.97,-3.111,-5.065
60,ASN,974,CA,A,-1.328,-4.075,-4.187
60,ASN,975,C,A,-2.391,-4.994,-3.58
60,ASN,982,H,A,-2.451,-2.369,-4.6
60,ASN,983,HA,A,-0.622,-4.613,-4.818
