residue_number,residue_name,atom_number,atom_name,chain_id,x_coord,y_coord,z_coord
259,VAL,65,N,A,9.985,2.424,-4.257
259,VAL,66,CA,A,10.263,1.358,-3.303
259,VAL,67,C,A,9.443,1.532,-2.03
259,VAL,73,HA,A,9.99,0.493,-3.725
260,GLU,81,N,A,9.244,2.784,-1.628
260,GLU,82,CA,A,8.476,3.085,-0.424
260,GLU,83,C,A,7.019,2.657,-0.588
260,GLU,90,H,A,9.629,3.536,-2.163
260,GLU,91,HA,A,8.877,2.601,0.354
261,SER,96,N,A,6.696,1.474,-0.075
261,SER,97,CA,A,5.339,0.946,-0.166
261,SER,98,C,A,5.178,-0.291,0.711
261,SER,102,H,A,7.4,0.933,0.384
261,SER,103,HA,A,4.716,1.647,0.18
262,PHE,107,N,A,3.945,-0.775,0.82
262,PHE,108,CA,A,3.653,-1.952,1.628
262,PHE,109,C,A,2.356,-2.616,1.175
262,PHE,118,H,A,3.198,-0.32,0.335
262,PHE,119,HA,A,4.386,-2.609,1.452
263,MET,127,N,A,2.12,-3.829,1.661
263,MET,128,CA,A,0.915,-4.573,1.307
263,MET,129,C,A,0.258,-5.169,2.548
263,MET,135,H,A,2.784,-4.243,2.284
263,MET,136,HA,A,0.268,-3.93,0.898
264,THR,144,N,A,-1.026,-5.492,2.435
264,THR,145,CA,A,-1.77,-6.067,3.548
264,THR,146,C,A,-2.451,-7.368,3.14
264,THR,151,H,A,-1.493,-5.337,1.565
264,THR,152,HA,A,-1.122,-6.273,4.281
265,LYS,158,N,A,-2.7,-8.232,4.118
265,LYS,159,CA,A,-3.348,-9.512,3.863
265,LYS,160,C,A,-4.582,-9.684,4.742
265,LYS,167,H,A,-2.436,-7.998,5.054
265,LYS,168,HA,A,-3.635,-9.537,2.905
266,GLN,180,N,A,-5.742,-9.815,4.107
266,GLN,181,CA,A,-6.995,-9.986,4.832
266,GLN,182,C,A,-7.599,-11.359,4.56
266,GLN,189,H,A,-5.756,-9.796,3.107
266,GLN,190,HA,A,-6.788,-9.935,5.809
267,ASP,197,N,A,-8.165,-11.967,5.598
267,ASP,198,CA,A,-8.78,-13.284,5.47
267,ASP,199,C,A,-10.19,-13.172,4.896
267,ASP,205,H,A,-8.169,-11.511,6.488
267,ASP,206,HA,A,-8.236,-13.795,4.804
268,THR,209,N,A,-10.894,-14.299,4.847
268,THR,210,CA,A,-12.252,-14.329,4.32
268,THR,211,C,A,-13.212,-13.576,5.234
268,THR,216,H,A,-10.481,-15.147,5.18
268,THR,217,HA,A,-12.25,-13.874,3.43
269,THR,223,N,A,-12.698,-13.1,6.364
269,THR,224,CA,A,-13.51,-12.362,7.323
269,THR,225,C,A,-13.287,-10.86,7.191
269,THR,230,H,A,-11.729,-13.252,6.561
269,THR,231,HA,A,-14.472,-12.551,7.126
