residue_number,residue_name,atom_number,atom_name,chain_id,x_coord,y_coord,z_coord
11,LYS,157,N,A,-8.304,-9.028,3.708
11,LYS,158,CA,A,-7.715,-9.788,2.618
11,LYS,159,C,A,-6.266,-9.367,2.397
11,LYS,167,HA,A,-7.73,-10.845,2.881
12,THR,179,N,A,-5.372,-10.357,2.328
12,THR,180,CA,A,-3.955,-10.136,2.106
12,THR,181,C,A,-3.682,-9.993,0.611
12,THR,186,H,A,-5.679,-11.312,2.437
12,THR,187,HA,A,-3.642,-9.226,2.619
13,ILE,193,N,A,-2.839,-9.025,0.241
13,ILE,194,CA,A,-2.469,-8.8,-1.146
13,ILE,195,C,A,-0.952,-8.693,-1.275
13,ILE,201,H,A,-2.424,-8.427,0.941
13,ILE,202,HA,A,-2.808,-9.65,-1.737
14,THR,212,N,A,-0.328,-9.707,-1.881
14,THR,213,CA,A,1.097,-9.69,-2.157
14,THR,214,C,A,1.372,-8.679,-3.265
14,THR,219,H,A,-0.865,-10.484,-2.238
14,THR,220,HA,A,1.633,-9.392,-1.255
15,LEU,226,N,A,2.236,-7.695,-2.997
15,LEU,227,CA,A,2.503,-6.643,-3.961
15,LEU,228,C,A,3.987,-6.6,-4.307
15,LEU,234,H,A,2.746,-7.683,-2.124
15,LEU,235,HA,A,1.938,-6.854,-4.867
16,GLU,245,N,A,4.309,-6.036,-5.474
16,GLU,246,CA,A,5.68,-5.918,-5.935
16,GLU,247,C,A,5.894,-4.544,-6.564
16,GLU,254,H,A,3.582,-5.671,-6.072
16,GLU,255,HA,A,6.351,-6.026,-5.083
17,VAL,260,N,A,6.692,-3.695,-5.909
17,VAL,261,CA,A,6.967,-2.354,-6.402
17,VAL,262,C,A,8.47,-2.097,-6.418
17,VAL,267,H,A,7.148,-3.988,-5.057
17,VAL,268,HA,A,6.585,-2.263,-7.419
18,GLU,276,N,A,8.889,-1.028,-7.102
18,GLU,277,CA,A,10.282,-0.621,-7.101
18,GLU,278,C,A,10.569,0.149,-5.819
18,GLU,285,H,A,8.227,-0.456,-7.607
18,GLU,286,HA,A,10.915,-1.505,-7.144
