residue_number,residue_name,atom_number,atom_name,chain_id,x_coord,y_coord,z_coord
322,ASN,80,N,A,4.414,-14.433,44.208
322,ASN,81,CA,A,5.478,-13.582,43.757
322,ASN,82,C,A,5.411,-13.331,42.246
322,ASN,89,HA,A,5.374,-12.615,44.227
323,PHE,94,N,A,4.195,-13.117,41.767
323,PHE,95,CA,A,3.917,-12.649,40.402
323,PHE,96,C,A,4.614,-11.309,39.951
323,PHE,105,H,A,3.426,-13.19,42.397
323,PHE,106,HA,A,4.288,-13.416,39.739
324,ASP,114,N,A,5.135,-11.303,38.669
324,ASP,115,CA,A,5.686,-10.107,38.099
324,ASP,116,C,A,4.579,-9.136,37.606
324,ASP,122,H,A,5.076,-12.039,37.999
324,ASP,123,HA,A,6.109,-9.447,38.843
325,THR,126,N,A,3.344,-9.689,37.244
325,THR,127,CA,A,2.209,-8.821,36.881
325,THR,128,C,A,0.879,-9.542,37.012
325,THR,133,H,A,3.351,-10.675,37.094
325,THR,134,HA,A,2.146,-7.99,37.568
326,VAL,140,N,A,-0.115,-8.936,37.741
326,VAL,141,CA,A,-1.499,-9.423,37.727
326,VAL,142,C,A,-2.217,-8.342,36.964
326,VAL,147,H,A,-0.03,-8.02,38.125
326,VAL,148,HA,A,-1.49,-10.384,37.235
327,ALA,156,N,A,-2.846,-8.623,35.808
327,ALA,157,CA,A,-3.414,-7.545,34.927
327,ALA,158,C,A,-4.903,-7.883,34.747
327,ALA,161,H,A,-2.936,-9.577,35.533
327,ALA,162,HA,A,-3.298,-6.571,35.379
328,MET,166,N,A,-5.824,-6.897,34.625
328,MET,167,CA,A,-7.279,-7.134,34.296
328,MET,168,C,A,-7.534,-6.656,32.826
328,MET,174,H,A,-5.558,-5.949,34.784
328,MET,175,HA,A,-7.427,-8.203,34.245
329,LEU,183,N,A,-7.641,-7.561,31.767
329,LEU,184,CA,A,-7.555,-7.113,30.404
329,LEU,185,C,A,-8.792,-7.484,29.63
329,LEU,191,H,A,-7.616,-8.53,31.999
329,LEU,192,HA,A,-7.447,-6.05,30.247
330,ARG,202,N,A,-9.641,-6.496,29.26
330,ARG,203,CA,A,-10.997,-6.709,28.715
330,ARG,204,C,A,-11.991,-7.49,29.654
330,ARG,213,H,A,-9.39,-5.535,29.346
330,ARG,214,HA,A,-11.52,-5.772,28.595
