residue_number,residue_name,atom_number,atom_name,chain_id,x_coord,y_coord,z_coord
11,ILE,179,N,A,-10.174,0.05,-1.924
11,ILE,180,CA,A,-9.691,0.57,-0.667
11,ILE,181,C,A,-8.21,0.838,-0.812
11,ILE,188,HA,A,-10.214,1.486,-0.44
12,CYS,198,N,A,-7.838,2.076,-0.832
12,CYS,199,CA,A,-6.45,2.413,-0.985
12,CYS,200,C,A,-5.865,2.919,0.309
12,CYS,204,H,A,-8.51,2.786,-0.746
12,CYS,205,HA,A,-5.925,1.51,-1.257
13,TYR,208,N,A,-4.708,2.43,0.608
13,TYR,209,CA,A,-3.935,2.83,1.75
13,TYR,210,C,A,-2.475,2.871,1.344
13,TYR,220,H,A,-4.328,1.73,0.027
13,TYR,221,HA,A,-4.243,3.832,2.01
14,ARG,229,N,A,-1.7,3.708,1.966
14,ARG,230,CA,A,-0.305,3.829,1.621
14,ARG,231,C,A,0.528,3.008,2.586
14,ARG,240,H,A,-2.059,4.243,2.709
14,ARG,241,HA,A,-0.178,3.395,0.641
15,ARG,253,N,A,1.31,2.111,2.05
15,ARG,254,CA,A,2.11,1.222,2.859
15,ARG,255,C,A,3.56,1.352,2.491
15,ARG,264,H,A,1.385,2.044,1.072
15,ARG,265,HA,A,1.981,1.493,3.895
16,CYS,277,N,A,4.401,1.197,3.458
16,CYS,278,CA,A,5.808,1.217,3.243
16,CYS,279,C,A,6.348,-0.176,3.367
16,CYS,283,H,A,4.075,1.051,4.373
16,CYS,284,HA,A,5.986,1.55,2.234
17,ARG,287,N,A,6.809,-0.694,2.272
17,ARG,288,CA,A,7.363,-2.005,2.237
17,ARG,289,C,A,8.864,-1.851,2.256
17,ARG,298,H,A,6.817,-0.157,1.447
17,ARG,299,HA,A,7.041,-2.532,3.122
