residue_number,residue_name,atom_number,atom_name,chain_id,x_coord,y_coord,z_coord
80,ILE,1320,N,A,-7.044,5.642,-6.095
80,ILE,1321,CA,A,-5.676,6.025,-6.488
80,ILE,1322,C,A,-4.672,5.749,-5.362
80,ILE,1329,HA,A,-5.387,5.399,-7.333
81,ALA,1339,N,A,-5.149,5.715,-4.111
81,ALA,1340,CA,A,-4.304,5.521,-2.945
81,ALA,1341,C,A,-4.038,4.059,-2.589
81,ALA,1344,H,A,-6.135,5.857,-3.96
81,ALA,1345,HA,A,-3.339,5.93,-3.202
82,VAL,1349,N,A,-4.778,3.126,-3.188
82,VAL,1350,CA,A,-4.514,1.686,-3.15
82,VAL,1351,C,A,-5.252,1.008,-4.314
82,VAL,1356,H,A,-5.502,3.438,-3.82
82,VAL,1357,HA,A,-3.441,1.516,-3.255
83,GLU,1365,N,A,-4.482,0.425,-5.227
83,GLU,1366,CA,A,-4.937,-0.22,-6.465
83,GLU,1367,C,A,-4.323,-1.619,-6.613
83,GLU,1374,H,A,-3.478,0.537,-5.112
83,GLU,1375,HA,A,-6.02,-0.339,-6.436
84,THR,1380,N,A,-5.022,-2.54,-7.275
84,THR,1381,CA,A,-4.513,-3.881,-7.582
84,THR,1382,C,A,-4.028,-3.907,-9.023
84,THR,1387,H,A,-5.913,-2.28,-7.692
84,THR,1388,HA,A,-3.66,-4.122,-6.948
85,VAL,1394,N,A,-2.757,-3.545,-9.167
85,VAL,1395,CA,A,-1.824,-3.829,-10.279
85,VAL,1396,C,A,-2.463,-4.14,-11.641
85,VAL,1401,H,A,-2.352,-3.218,-8.306
85,VAL,1402,HA,A,-1.265,-2.914,-10.45
86,THR,1410,N,A,-3.005,-5.347,-11.796
86,THR,1411,CA,A,-4.079,-5.674,-12.75
86,THR,1412,C,A,-5.143,-6.556,-12.104
86,THR,1417,H,A,-2.908,-5.977,-11.02
86,THR,1418,HA,A,-4.576,-4.752,-13.055
87,ASP,1424,N,A,-4.736,-7.628,-11.409
87,ASP,1425,CA,A,-5.693,-8.554,-10.783
87,ASP,1426,C,A,-5.159,-9.358,-9.589
87,ASP,1432,H,A,-3.751,-7.859,-11.434
87,ASP,1433,HA,A,-6.522,-7.956,-10.399
88,SER,1436,N,A,-4.058,-10.119,-9.734
88,SER,1437,CA,A,-3.417,-10.753,-8.562
88,SER,1438,C,A,-3.133,-9.759,-7.445
88,SER,1442,H,A,-3.759,-10.36,-10.678
88,SER,1443,HA,A,-4.115,-11.501,-8.201
89,SER,1447,N,A,-3.834,-9.954,-6.341
89,SER,1448,CA,A,-3.679,-9.184,-5.121
89,SER,1449,C,A,-2.607,-9.759,-4.188
89,SER,1453,H,A,-4.582,-10.63,-6.363
89,SER,1454,HA,A,-3.302,-8.198,-5.394
90,ARG,1458,N,A,-1.604,-10.426,-4.789
90,ARG,1459,CA,A,-0.226,-10.591,-4.287
90,ARG,1460,C,A,0.516,-9.245,-4.203
90,ARG,1469,H,A,-1.748,-10.647,-5.766
90,ARG,1470,HA,A,-0.244,-11.028,-3.289
91,TYR,1482,N,A,0.175,-8.312,-5.096
91,TYR,1483,CA,A,0.751,-6.968,-5.19
91,TYR,1484,C,A,-0.32,-5.875,-5.129
91,TYR,1494,H,A,-0.529,-8.554,-5.777
91,TYR,1495,HA,A,1.45,-6.814,-4.368
92,PHE,1503,N,A,0.121,-4.646,-4.854
92,PHE,1504,CA,A,-0.69,-3.424,-4.951
92,PHE,1505,C,A,0.138,-2.248,-5.482
92,PHE,1514,H,A,1.112,-4.539,-4.666
92,PHE,1515,HA,A,-1.51,-3.591,-5.649
93,VAL,1523,N,A,-0.504,-1.1,-5.693
93,VAL,1524,CA,A,0.13,0.216,-5.867
93,VAL,1525,C,A,-0.578,1.227,-4.972
93,VAL,1530,H,A,-1.517,-1.117,-5.614
93,VAL,1531,HA,A,1.165,0.157,-5.545
94,ILE,1539,N,A,0.171,2.028,-4.211
94,ILE,1540,CA,A,-0.358,3.066,-3.315
94,ILE,1541,C,A,0.265,4.435,-3.626
94,ILE,1547,H,A,1.182,1.952,-4.278
94,ILE,1548,HA,A,-1.425,3.167,-3.508
95,ARG,1558,N,A,-0.479,5.516,-3.354
95,ARG,1559,CA,A,0.03,6.901,-3.424
95,ARG,1560,C,A,0.499,7.361,-2.043
95,ARG,1569,H,A,-1.408,5.355,-2.989
95,ARG,1570,HA,A,0.912,6.904,-4.066
96,ILE,1582,N,A,1.799,7.538,-1.869
96,ILE,1583,CA,A,2.418,8.028,-0.629
96,ILE,1584,C,A,2.689,9.535,-0.696
96,ILE,1590,H,A,2.392,7.427,-2.682
96,ILE,1591,HA,A,1.728,7.871,0.195
97,GLN,1601,N,A,2.855,10.177,0.458
97,GLN,1602,CA,A,3.497,11.491,0.569
97,GLN,1603,C,A,5.023,11.347,0.664
97,GLN,1610,H,A,2.702,9.655,1.315
97,GLN,1611,HA,A,3.275,12.082,-0.318
98,ASP,1618,N,A,5.771,12.291,0.08
98,ASP,1619,CA,A,7.227,12.401,0.275
98,ASP,1620,C,A,7.607,13.253,1.509
98,ASP,1626,H,A,5.317,13.01,-0.489
98,ASP,1627,HA,A,7.619,11.403,0.457
