residue_number,residue_name,atom_number,atom_name,chain_id,x_coord,y_coord,z_coord
50,ALA,814,N,A,-4.912,7.79,-8.93
50,ALA,815,CA,A,-6.206,8.116,-8.384
50,ALA,816,C,A,-6.893,6.85,-8.081
50,ALA,820,HA,A,-6.097,8.635,-7.452
51,ILE,824,N,A,-7.77,6.853,-7.146
51,ILE,825,CA,A,-8.435,5.639,-6.798
51,ILE,826,C,A,-9.468,5.164,-7.769
51,ILE,832,H,A,-7.964,7.688,-6.665
51,ILE,833,HA,A,-7.657,4.896,-6.873
52,TYR,843,N,A,-9.536,3.862,-7.884
52,TYR,844,CA,A,-10.563,3.235,-8.629
52,TYR,845,C,A,-11.771,3.209,-7.716
52,TYR,855,H,A,-8.876,3.287,-7.43
52,TYR,856,HA,A,-10.745,3.846,-9.501
53,TRP,864,N,A,-11.591,2.584,-6.55
53,TRP,865,CA,A,-12.597,2.565,-5.519
53,TRP,866,C,A,-12.002,1.992,-4.246
53,TRP,878,H,A,-10.75,2.115,-6.367
53,TRP,879,HA,A,-12.897,3.587,-5.332
54,THR,888,N,A,-12.338,2.594,-3.142
54,THR,889,CA,A,-11.946,2.125,-1.838
54,THR,890,C,A,-13.169,1.627,-1.117
54,THR,895,H,A,-12.923,3.381,-3.19
54,THR,896,HA,A,-11.335,1.248,-2.011
55,ASN,902,N,A,-13.056,0.465,-0.569
55,ASN,903,CA,A,-14.191,-0.248,-0.041
55,ASN,904,C,A,-14.064,-0.572,1.435
55,ASN,910,H,A,-12.166,0.056,-0.494
55,ASN,911,HA,A,-15.063,0.372,-0.184
56,ASN,916,N,A,-13.935,0.427,2.256
56,ASN,917,CA,A,-13.938,0.158,3.697
56,ASN,918,C,A,-14.734,1.174,4.461
56,ASN,924,H,A,-13.831,1.341,1.895
56,ASN,925,HA,A,-14.441,-0.791,3.812
57,GLU,930,N,A,-16.068,1.052,4.38
57,GLU,931,CA,A,-17.029,1.892,5.134
57,GLU,932,C,A,-16.618,3.352,5.144
57,GLU,939,H,A,-16.423,0.348,3.796
57,GLU,940,HA,A,-17.995,1.803,4.66
58,ASN,945,N,A,-16.217,3.829,3.987
58,ASN,946,CA,A,-15.689,5.156,3.812
58,ASN,947,C,A,-14.31,5.308,4.458
58,ASN,953,H,A,-16.268,3.241,3.204
58,ASN,954,HA,A,-15.511,5.235,2.75
59,TRP,959,N,A,-13.335,4.768,3.762
59,TRP,960,CA,A,-11.938,4.865,4.095
59,TRP,961,C,A,-11.426,5.728,3.017
59,TRP,973,H,A,-13.567,4.297,2.936
59,TRP,974,HA,A,-11.791,5.332,5.059
60,GLN,983,N,A,-10.788,6.743,3.376
60,GLN,984,CA,A,-10.534,7.797,2.426
60,GLN,985,C,A,-9.172,7.768,1.806
60,GLN,992,H,A,-10.419,6.726,4.288
60,GLN,993,HA,A,-11.226,7.611,1.618
61,VAL,1000,N,A,-9.018,6.928,0.81
61,VAL,1001,CA,A,-7.795,6.928,0.044
61,VAL,1002,C,A,-7.762,8.158,-0.805
61,VAL,1007,H,A,-9.753,6.305,0.634
61,VAL,1008,HA,A,-6.971,6.986,0.739
62,ASN,1016,N,A,-7.039,9.109,-0.365
62,ASN,1017,CA,A,-6.732,10.213,-1.179
62,ASN,1018,C,A,-5.412,9.874,-1.822
62,ASN,1024,H,A,-6.697,9.083,0.557
62,ASN,1025,HA,A,-7.478,10.23,-1.962
