residue_number,residue_name,atom_number,atom_name,chain_id,x_coord,y_coord,z_coord
13,ASP,178,N,A,0.262,3.225,-4.87
13,ASP,179,CA,A,-0.963,3.896,-4.516
13,ASP,180,C,A,-1.356,3.679,-3.056
13,ASP,187,HA,A,-0.835,4.962,-4.665
14,GLU,190,N,A,-0.793,2.645,-2.412
14,GLU,191,CA,A,-1.066,2.254,-1.041
14,GLU,192,C,A,-0.536,3.291,-0.04
14,GLU,199,H,A,-0.187,2.025,-2.913
14,GLU,200,HA,A,-2.14,2.194,-0.908
15,LEU,205,N,A,0.566,3.961,-0.409
15,LEU,206,CA,A,1.258,4.975,0.371
15,LEU,207,C,A,0.593,6.365,0.295
15,LEU,213,H,A,0.988,3.735,-1.286
15,LEU,214,HA,A,1.248,4.685,1.402
16,LEU,224,N,A,-0.425,6.518,-0.588
16,LEU,225,CA,A,-1.007,7.785,-0.998
16,LEU,226,C,A,-1.577,8.683,0.096
16,LEU,232,H,A,-0.742,5.724,-1.089
16,LEU,233,HA,A,-0.231,8.351,-1.496
17,ALA,243,N,A,-2.238,8.108,1.112
17,ALA,244,CA,A,-2.971,8.87,2.101
17,ALA,245,C,A,-2.076,9.608,3.137
17,ALA,248,H,A,-2.288,7.122,1.187
17,ALA,249,HA,A,-3.53,9.629,1.563
