residue_number,residue_name,atom_number,atom_name,chain_id,x_coord,y_coord,z_coord
102,HIS,1175,N,A,-11.983,-4.993,5.506
102,HIS,1176,CA,A,-11.327,-3.753,5.881
102,HIS,1177,C,A,-9.825,-3.818,5.632
102,HIS,1186,HA,A,-11.75,-2.938,5.317
103,VAL,1192,N,A,-9.253,-2.675,5.286
103,VAL,1193,CA,A,-7.82,-2.575,5.051
103,VAL,1194,C,A,-7.337,-1.241,5.596
103,VAL,1199,H,A,-9.805,-1.867,5.21
103,VAL,1200,HA,A,-7.312,-3.38,5.564
104,GLU,1208,N,A,-6.568,-1.275,6.675
104,GLU,1209,CA,A,-6.091,-0.036,7.269
104,GLU,1210,C,A,-4.682,-0.192,7.827
104,GLU,1217,H,A,-6.336,-2.134,7.084
104,GLU,1218,HA,A,-6.089,0.738,6.517
105,ILE,1223,N,A,-3.777,0.666,7.37
105,ILE,1224,CA,A,-2.404,0.64,7.852
105,ILE,1225,C,A,-2.148,1.92,8.657
105,ILE,1231,H,A,-4.043,1.343,6.713
105,ILE,1232,HA,A,-2.286,-0.221,8.486
