residue_number,residue_name,atom_number,atom_name,chain_id,x_coord,y_coord,z_coord
7,SER,104,N,A,34.953,0.314,0.174
7,SER,105,CA,A,34.547,1.179,1.266
7,SER,106,C,A,33.116,1.699,1.066
7,SER,111,HA,A,34.585,0.602,2.178
8,ALA,115,N,A,32.181,1.119,1.807
8,ALA,116,CA,A,30.775,1.473,1.693
8,ALA,117,C,A,30.508,2.9,2.153
8,ALA,120,H,A,32.447,0.418,2.437
8,ALA,121,HA,A,30.499,1.39,0.654
9,LYS,125,N,A,31.17,3.308,3.221
9,LYS,126,CA,A,30.963,4.639,3.78
9,LYS,127,C,A,31.975,5.647,3.247
9,LYS,134,H,A,31.812,2.702,3.646
9,LYS,135,HA,A,29.976,4.96,3.484
10,PHE,147,N,A,32.758,5.245,2.266
10,PHE,148,CA,A,33.742,6.137,1.684
10,PHE,149,C,A,33.727,6.008,0.167
10,PHE,158,H,A,32.668,4.335,1.912
10,PHE,159,HA,A,33.475,7.148,1.952
11,LYS,167,N,A,33.066,6.944,-0.486
11,LYS,168,CA,A,32.957,6.95,-1.936
11,LYS,169,C,A,33.093,8.365,-2.458
11,LYS,176,H,A,32.634,7.662,0.022
11,LYS,177,HA,A,33.754,6.342,-2.338
