residue_number,residue_name,atom_number,atom_name,chain_id,x_coord,y_coord,z_coord
203,ALA,700,N,A,-1.415,5.276,41.144
203,ALA,701,CA,A,-2.349,5.922,42.057
203,ALA,702,C,A,-2.999,7.139,41.408
203,ALA,706,HA,A,-3.119,5.207,42.308
204,LYS,710,N,A,-2.17,8.057,40.921
204,LYS,711,CA,A,-2.663,9.268,40.275
204,LYS,712,C,A,-3.3,8.944,38.928
204,LYS,719,H,A,-1.203,7.916,40.998
204,LYS,720,HA,A,-3.411,9.706,40.918
205,GLN,732,N,A,-2.701,8.003,38.205
205,GLN,733,CA,A,-3.212,7.602,36.9
205,GLN,734,C,A,-4.659,7.132,37.002
205,GLN,741,H,A,-1.897,7.569,38.558
205,GLN,742,HA,A,-3.171,8.462,36.249
206,GLN,749,N,A,-4.908,6.192,37.908
206,GLN,750,CA,A,-6.251,5.657,38.104
206,GLN,751,C,A,-7.177,6.715,38.694
206,GLN,758,H,A,-4.173,5.849,38.456
206,GLN,759,HA,A,-6.633,5.36,37.139
207,ALA,766,N,A,-6.717,7.374,39.753
207,ALA,767,CA,A,-7.503,8.41,40.409
207,ALA,768,C,A,-8.088,9.383,39.391
207,ALA,771,H,A,-5.826,7.158,40.099
207,ALA,772,HA,A,-8.313,7.93,40.939
208,ALA,776,N,A,-7.26,9.807,38.441
208,ALA,777,CA,A,-7.696,10.738,37.408
208,ALA,778,C,A,-8.638,10.058,36.419
208,ALA,781,H,A,-6.335,9.485,38.435
208,ALA,782,HA,A,-8.221,11.55,37.89
209,LEU,786,N,A,-8.28,8.848,36.005
209,LEU,787,CA,A,-9.094,8.092,35.059
209,LEU,788,C,A,-10.558,8.084,35.485
209,LEU,794,H,A,-7.45,8.452,36.343
209,LEU,795,HA,A,-9.014,8.572,34.096
210,PHE,805,N,A,-10.802,7.727,36.742
210,PHE,806,CA,A,-12.159,7.68,37.274
210,PHE,807,C,A,-12.853,9.029,37.115
210,PHE,816,H,A,-10.051,7.489,37.326
210,PHE,817,HA,A,-12.707,6.938,36.715
211,GLN,825,N,A,-12.077,10.103,37.223
211,GLN,826,CA,A,-12.617,11.451,37.092
211,GLN,827,C,A,-13.076,11.718,35.662
211,GLN,834,H,A,-11.12,9.986,37.394
211,GLN,835,HA,A,-13.468,11.533,37.751
212,VAL,842,N,A,-12.151,11.59,34.715
212,VAL,843,CA,A,-12.461,11.816,33.309
212,VAL,844,C,A,-13.613,10.928,32.85
212,VAL,849,H,A,-11.239,11.337,34.969
212,VAL,850,HA,A,-12.749,12.851,33.192
213,ILE,858,N,A,-13.595,9.674,33.287
213,ILE,859,CA,A,-14.639,8.724,32.922
213,ILE,860,C,A,-15.991,9.149,33.487
213,ILE,866,H,A,-12.864,9.38,33.868
213,ILE,867,HA,A,-14.704,8.698,31.844
214,ALA,877,N,A,-15.99,9.59,34.741
214,ALA,878,CA,A,-17.215,10.03,35.396
214,ALA,879,C,A,-17.872,11.169,34.624
214,ALA,882,H,A,-15.145,9.621,35.235
214,ALA,883,HA,A,-17.895,9.191,35.43
215,ALA,887,N,A,-17.112,12.233,34.387
215,ALA,888,CA,A,-17.62,13.388,33.658
215,ALA,889,C,A,-18.126,12.986,32.276
215,ALA,892,H,A,-16.186,12.24,34.708
215,ALA,893,HA,A,-18.441,13.804,34.223
216,LEU,897,N,A,-17.378,12.116,31.608
216,LEU,898,CA,A,-17.75,11.651,30.276
216,LEU,899,C,A,-19.034,10.828,30.326
216,LEU,905,H,A,-16.555,11.777,32.018
216,LEU,906,HA,A,-17.918,12.519,29.657
217,GLN,916,N,A,-19.142,9.971,31.336
217,GLN,917,CA,A,-20.32,9.127,31.497
217,GLN,918,C,A,-21.587,9.972,31.588
217,GLN,925,H,A,-18.414,9.904,31.987
217,GLN,926,HA,A,-20.391,8.487,30.631
218,LYS,933,N,A,-21.571,10.96,32.476
218,LYS,934,CA,A,-22.717,11.841,32.661
218,LYS,935,C,A,-23.013,12.624,31.386
218,LYS,942,H,A,-20.767,11.1,33.02
218,LYS,943,HA,A,-23.573,11.228,32.9
219,HIS,955,N,A,-22.005,13.327,30.881
219,HIS,956,CA,A,-22.158,14.117,29.664
219,HIS,957,C,A,-22.678,13.253,28.518
219,HIS,965,H,A,-21.138,13.315,31.337
219,HIS,966,HA,A,-22.875,14.898,29.863
220,PHE,972,N,A,-22.433,11.95,28.607
220,PHE,973,CA,A,-22.875,11.017,27.577
220,PHE,974,C,A,-24.357,10.691,27.739
220,PHE,983,H,A,-21.943,11.608,29.384
220,PHE,984,HA,A,-22.725,11.488,26.618
221,LYS,992,N,A,-24.701,10.068,28.861
221,LYS,993,CA,A,-26.084,9.7,29.14
221,LYS,994,C,A,-26.92,10.933,29.465
221,LYS,1001,H,A,-24.006,9.851,29.519
221,LYS,1002,HA,A,-26.486,9.229,28.256
222,THR,1014,N,A,-26.539,11.639,30.525
222,THR,1015,CA,A,-27.254,12.839,30.942
222,THR,1016,C,A,-26.433,13.649,31.938
222,THR,1021,H,A,-25.759,11.343,31.039
222,THR,1022,HA,A,-27.434,13.441,30.064
223,ASN,1028,N,A,-26.485,14.971,31.804
223,ASN,1029,CA,A,-25.745,15.859,32.694
223,ASN,1030,C,A,-26.094,15.581,34.153
223,ASN,1036,H,A,-27.033,15.358,31.09
223,ASN,1037,HA,A,-24.692,15.674,32.546
224,MET,1042,N,A,-27.34,15.185,34.392
224,MET,1043,CA,A,-27.8,14.885,35.744
224,MET,1044,C,A,-27.775,13.383,36.006
224,MET,1050,H,A,-27.965,15.09,33.643
224,MET,1051,HA,A,-27.129,15.371,36.437
225,GLU,1059,N,A,-27.12,12.642,35.117
225,GLU,1060,CA,A,-27.024,11.193,35.254
225,GLU,1061,C,A,-26.04,10.815,36.356
225,GLU,1068,H,A,-26.693,13.08,34.352
225,GLU,1069,HA,A,-28.002,10.82,35.517
226,ASN,1074,N,A,-26.092,9.557,36.782
226,ASN,1075,CA,A,-25.206,9.067,37.832
226,ASN,1076,C,A,-23.897,8.552,37.242
226,ASN,1082,H,A,-26.742,8.942,36.38
226,ASN,1083,HA,A,-24.989,9.893,38.493
227,VAL,1088,N,A,-22.997,8.105,38.113
227,VAL,1089,CA,A,-21.706,7.584,37.68
227,VAL,1090,C,A,-21.665,6.064,37.784
227,VAL,1095,H,A,-23.207,8.126,39.07
227,VAL,1096,HA,A,-21.561,7.869,36.648
228,ASN,1104,N,A,-21.875,5.393,36.656
228,ASN,1105,CA,A,-21.861,3.935,36.621
228,ASN,1106,C,A,-20.531,3.39,37.134
228,ASN,1112,H,A,-22.043,5.889,35.829
228,ASN,1113,HA,A,-22.654,3.58,37.262
229,TYR,1118,N,A,-20.511,2.991,38.401
229,TYR,1119,CA,A,-19.303,2.453,39.014
229,TYR,1120,C,A,-18.992,1.06,38.474
229,TYR,1130,H,A,-21.328,3.062,38.937
229,TYR,1131,HA,A,-18.484,3.113,38.768
230,ASP,1139,N,A,-20.015,0.215,38.413
230,ASP,1140,CA,A,-19.854,-1.146,37.914
230,ASP,1141,C,A,-19.195,-1.146,36.539
230,ASP,1147,H,A,-20.901,0.514,38.709
230,ASP,1148,HA,A,-19.217,-1.678,38.605
231,LEU,1151,N,A,-19.75,-0.362,35.622
231,LEU,1152,CA,A,-19.217,-0.272,34.267
231,LEU,1153,C,A,-17.883,0.467,34.254
231,LEU,1159,H,A,-20.537,0.17,35.861
231,LEU,1160,HA,A,-19.062,-1.277,33.905
232,LEU,1170,N,A,-17.709,1.379,35.205
232,LEU,1171,CA,A,-16.477,2.154,35.305
232,LEU,1172,C,A,-15.264,1.236,35.413
232,LEU,1178,H,A,-18.425,1.536,35.855
232,LEU,1179,HA,A,-16.385,2.748,34.408
233,GLN,1189,N,A,-15.389,0.192,36.227
233,GLN,1190,CA,A,-14.302,-0.761,36.417
233,GLN,1191,C,A,-13.833,-1.326,35.08
233,GLN,1198,H,A,-16.23,0.061,36.71
233,GLN,1199,HA,A,-13.48,-0.238,36.881
234,LYS,1206,N,A,-14.778,-1.551,34.174
234,LYS,1207,CA,A,-14.463,-2.088,32.856
234,LYS,1208,C,A,-13.785,-1.034,31.986
234,LYS,1215,H,A,-15.712,-1.349,34.397
234,LYS,1216,HA,A,-13.785,-2.918,32.989
235,GLN,1228,N,A,-14.431,0.12,31.851
235,GLN,1229,CA,A,-13.888,1.208,31.047
235,GLN,1230,C,A,-12.494,1.598,31.527
235,GLN,1237,H,A,-15.292,0.241,32.301
235,GLN,1238,HA,A,-13.82,0.864,30.026
236,VAL,1245,N,A,-12.311,1.615,32.844
236,VAL,1246,CA,A,-11.025,1.97,33.432
236,VAL,1247,C,A,-10.009,0.848,33.249
236,VAL,1252,H,A,-13.059,1.383,33.433
236,VAL,1253,HA,A,-10.662,2.856,32.932
237,LYS,1261,N,A,-10.452,-0.385,33.468
237,LYS,1262,CA,A,-9.583,-1.548,33.327
237,LYS,1263,C,A,-8.939,-1.58,31.945
237,LYS,1270,H,A,-11.388,-0.517,33.731
237,LYS,1271,HA,A,-8.806,-1.473,34.072
238,TYR,1283,N,A,-9.741,-1.326,30.917
238,TYR,1284,CA,A,-9.248,-1.327,29.545
238,TYR,1285,C,A,-8.032,-0.417,29.402
238,TYR,1295,H,A,-10.687,-1.135,31.085
238,TYR,1296,HA,A,-8.959,-2.337,29.296
239,ILE,1304,N,A,-8.216,0.861,29.715
239,ILE,1305,CA,A,-7.134,1.833,29.623
239,ILE,1306,C,A,-5.927,1.391,30.443
239,ILE,1312,H,A,-9.101,1.156,30.015
239,ILE,1313,HA,A,-6.843,1.91,28.586
240,MET,1323,N,A,-6.189,0.866,31.636
240,MET,1324,CA,A,-5.124,0.401,32.516
240,MET,1325,C,A,-4.264,-0.65,31.822
240,MET,1331,H,A,-7.12,0.788,31.931
240,MET,1332,HA,A,-4.504,1.25,32.763
241,ASP,1340,N,A,-4.9,-1.728,31.377
241,ASP,1341,CA,A,-4.192,-2.806,30.694
241,ASP,1342,C,A,-3.544,-2.301,29.409
241,ASP,1348,H,A,-5.868,-1.801,31.51
241,ASP,1349,HA,A,-3.419,-3.166,31.355
242,SER,1352,N,A,-4.281,-1.488,28.659
242,SER,1353,CA,A,-3.78,-0.941,27.404
242,SER,1354,C,A,-2.517,-0.117,27.637
242,SER,1358,H,A,-5.185,-1.254,28.956
242,SER,1359,HA,A,-3.54,-1.769,26.754
243,ASN,1363,N,A,-2.459,0.555,28.783
243,ASN,1364,CA,A,-1.308,1.381,29.127
243,ASN,1365,C,A,-1.169,2.551,28.158
243,ASN,1371,H,A,-3.209,0.493,29.412
243,ASN,1372,HA,A,-1.465,1.769,30.122
244,MET,1377,N,A,-2.289,2.967,27.576
244,MET,1378,CA,A,-2.292,4.078,26.632
244,MET,1379,C,A,-1.792,5.357,27.295
244,MET,1385,H,A,-3.134,2.517,27.788
244,MET,1386,HA,A,-1.627,3.823,25.82
245,LEU,1394,N,A,-2.122,5.524,28.571
245,LEU,1395,CA,A,-1.706,6.705,29.32
245,LEU,1396,C,A,-0.185,6.814,29.365
245,LEU,1402,H,A,-2.658,4.839,29.021
245,LEU,1403,HA,A,-2.102,7.574,28.816
246,ASN,1413,N,A,0.475,5.692,29.631
246,ASN,1414,CA,A,1.932,5.66,29.7
246,ASN,1415,C,A,2.543,5.613,28.303
246,ASN,1421,H,A,-0.028,4.865,29.784
246,ASN,1422,HA,A,2.259,6.563,30.194
247,LEU,1427,N,A,1.845,4.961,27.38
247,LEU,1428,CA,A,2.317,4.843,26.005
247,LEU,1429,C,A,2.705,6.207,25.444
247,LEU,1435,H,A,0.992,4.548,27.628
247,LEU,1436,HA,A,3.19,4.207,26.008
