residue_number,residue_name,atom_number,atom_name,chain_id,x_coord,y_coord,z_coord
27,ILE,11,N,A,-1.393,10.126,-6.758
27,ILE,12,CA,A,-1.202,8.686,-6.892
27,ILE,13,C,A,-2.483,8.003,-7.359
27,ILE,20,HA,A,-0.429,8.522,-7.628
28,GLU,30,N,A,-2.49,7.566,-8.615
28,GLU,31,CA,A,-3.725,7.163,-9.277
28,GLU,32,C,A,-4.36,5.973,-8.562
28,GLU,39,H,A,-1.644,7.516,-9.108
28,GLU,40,HA,A,-4.409,7.997,-9.239
29,MET,45,N,A,-3.527,5.023,-8.15
29,MET,46,CA,A,-4.006,3.839,-7.449
29,MET,47,C,A,-4.609,4.213,-6.099
29,MET,53,H,A,-2.566,5.122,-8.321
29,MET,54,HA,A,-4.771,3.38,-8.058
30,ALA,62,N,A,-3.924,5.088,-5.371
30,ALA,63,CA,A,-4.371,5.495,-4.045
30,ALA,64,C,A,-5.7,6.24,-4.118
30,ALA,67,H,A,-3.098,5.469,-5.736
30,ALA,68,HA,A,-4.502,4.603,-3.449
31,HIS,72,N,A,-5.812,7.148,-5.082
31,HIS,73,CA,A,-7.024,7.942,-5.25
31,HIS,74,C,A,-8.208,7.054,-5.617
31,HIS,82,H,A,-5.061,7.287,-5.697
31,HIS,83,HA,A,-7.233,8.429,-4.309
32,SER,89,N,A,-7.978,6.119,-6.533
32,SER,90,CA,A,-9.044,5.252,-7.025
32,SER,91,C,A,-9.638,4.424,-5.889
32,SER,95,H,A,-7.071,6.011,-6.89
32,SER,96,HA,A,-9.817,5.88,-7.44
33,LEU,100,N,A,-8.769,3.872,-5.051
33,LEU,101,CA,A,-9.205,3.041,-3.933
33,LEU,102,C,A,-10.025,3.855,-2.938
33,LEU,108,H,A,-7.811,4.025,-5.185
33,LEU,109,HA,A,-9.824,2.251,-4.331
34,ALA,119,N,A,-9.575,5.076,-2.666
34,ALA,120,CA,A,-10.27,5.958,-1.738
34,ALA,121,C,A,-11.654,6.326,-2.262
34,ALA,124,H,A,-8.756,5.391,-3.102
34,ALA,125,HA,A,-10.38,5.434,-0.799
35,GLN,129,N,A,-11.735,6.607,-3.56
35,GLN,130,CA,A,-12.987,7.036,-4.172
35,GLN,131,C,A,-14.049,5.947,-4.057
35,GLN,138,H,A,-10.934,6.524,-4.116
35,GLN,139,HA,A,-13.329,7.913,-3.644
36,ILE,146,N,A,-13.615,4.694,-4.13
36,ILE,147,CA,A,-14.536,3.564,-4.098
36,ILE,148,C,A,-14.662,2.997,-2.687
36,ILE,154,H,A,-12.652,4.524,-4.206
36,ILE,155,HA,A,-15.504,3.915,-4.421
